    0.10000E-03    0.20901E+01
    0.10202E-03    0.21307E+01
    0.10408E-03    0.21720E+01
    0.10618E-03    0.22141E+01
    0.10833E-03    0.22571E+01
    0.11052E-03    0.23009E+01
    0.11275E-03    0.23455E+01
    0.11503E-03    0.23910E+01
    0.11735E-03    0.24374E+01
    0.11972E-03    0.24847E+01
    0.12214E-03    0.25329E+01
    0.12461E-03    0.25820E+01
    0.12712E-03    0.26321E+01
    0.12969E-03    0.26831E+01
    0.13231E-03    0.27352E+01
    0.13499E-03    0.27882E+01
    0.13771E-03    0.28423E+01
    0.14049E-03    0.28974E+01
    0.14333E-03    0.29536E+01
    0.14623E-03    0.30109E+01
    0.14918E-03    0.30693E+01
    0.15220E-03    0.31288E+01
    0.15527E-03    0.31895E+01
    0.15841E-03    0.32514E+01
    0.16161E-03    0.33144E+01
    0.16487E-03    0.33787E+01
    0.16820E-03    0.34442E+01
    0.17160E-03    0.35110E+01
    0.17507E-03    0.35791E+01
    0.17860E-03    0.36485E+01
    0.18221E-03    0.37192E+01
    0.18589E-03    0.37913E+01
    0.18965E-03    0.38648E+01
    0.19348E-03    0.39398E+01
    0.19739E-03    0.40161E+01
    0.20138E-03    0.40940E+01
    0.20544E-03    0.41733E+01
    0.20959E-03    0.42542E+01
    0.21383E-03    0.43367E+01
    0.21815E-03    0.44207E+01
    0.22255E-03    0.45064E+01
    0.22705E-03    0.45938E+01
    0.23164E-03    0.46828E+01
    0.23632E-03    0.47735E+01
    0.24109E-03    0.48660E+01
    0.24596E-03    0.49603E+01
    0.25093E-03    0.50564E+01
    0.25600E-03    0.51543E+01
    0.26117E-03    0.52542E+01
    0.26645E-03    0.53559E+01
    0.27183E-03    0.54597E+01
    0.27732E-03    0.55654E+01
    0.28292E-03    0.56732E+01
    0.28864E-03    0.57830E+01
    0.29447E-03    0.58950E+01
    0.30042E-03    0.60091E+01
    0.30649E-03    0.61254E+01
    0.31268E-03    0.62440E+01
    0.31899E-03    0.63648E+01
    0.32544E-03    0.64880E+01
    0.33201E-03    0.66135E+01
    0.33872E-03    0.67415E+01
    0.34556E-03    0.68719E+01
    0.35254E-03    0.70048E+01
    0.35966E-03    0.71403E+01
    0.36693E-03    0.72783E+01
    0.37434E-03    0.74191E+01
    0.38190E-03    0.75625E+01
    0.38962E-03    0.77086E+01
    0.39749E-03    0.78576E+01
    0.40552E-03    0.80094E+01
    0.41371E-03    0.81641E+01
    0.42207E-03    0.83218E+01
    0.43060E-03    0.84825E+01
    0.43929E-03    0.86463E+01
    0.44817E-03    0.88132E+01
    0.45722E-03    0.89833E+01
    0.46646E-03    0.91566E+01
    0.47588E-03    0.93332E+01
    0.48550E-03    0.95132E+01
    0.49530E-03    0.96966E+01
    0.50531E-03    0.98835E+01
    0.51552E-03    0.10074E+02
    0.52593E-03    0.10268E+02
    0.53656E-03    0.10466E+02
    0.54739E-03    0.10667E+02
    0.55845E-03    0.10873E+02
    0.56973E-03    0.11082E+02
    0.58124E-03    0.11295E+02
    0.59299E-03    0.11512E+02
    0.60496E-03    0.11733E+02
    0.61719E-03    0.11959E+02
    0.62965E-03    0.12188E+02
    0.64237E-03    0.12422E+02
    0.65535E-03    0.12661E+02
    0.66859E-03    0.12904E+02
    0.68210E-03    0.13151E+02
    0.69588E-03    0.13403E+02
    0.70993E-03    0.13660E+02
    0.72427E-03    0.13921E+02
    0.73891E-03    0.14187E+02
    0.75383E-03    0.14459E+02
    0.76906E-03    0.14735E+02
    0.78460E-03    0.15016E+02
    0.80045E-03    0.15303E+02
    0.81662E-03    0.15595E+02
    0.83311E-03    0.15892E+02
    0.84994E-03    0.16195E+02
    0.86711E-03    0.16503E+02
    0.88463E-03    0.16816E+02
    0.90250E-03    0.17136E+02
    0.92073E-03    0.17461E+02
    0.93933E-03    0.17793E+02
    0.95831E-03    0.18130E+02
    0.97767E-03    0.18473E+02
    0.99742E-03    0.18822E+02
    0.10176E-02    0.19178E+02
    0.10381E-02    0.19540E+02
    0.10591E-02    0.19908E+02
    0.10805E-02    0.20283E+02
    0.11023E-02    0.20665E+02
    0.11246E-02    0.21053E+02
    0.11473E-02    0.21448E+02
    0.11705E-02    0.21850E+02
    0.11941E-02    0.22259E+02
    0.12182E-02    0.22675E+02
    0.12429E-02    0.23098E+02
    0.12680E-02    0.23529E+02
    0.12936E-02    0.23967E+02
    0.13197E-02    0.24412E+02
    0.13464E-02    0.24864E+02
    0.13736E-02    0.25325E+02
    0.14013E-02    0.25793E+02
    0.14296E-02    0.26269E+02
    0.14585E-02    0.26752E+02
    0.14880E-02    0.27244E+02
    0.15180E-02    0.27743E+02
    0.15487E-02    0.28251E+02
    0.15800E-02    0.28767E+02
    0.16119E-02    0.29291E+02
    0.16445E-02    0.29823E+02
    0.16777E-02    0.30364E+02
    0.17116E-02    0.30913E+02
    0.17462E-02    0.31470E+02
    0.17814E-02    0.32036E+02
    0.18174E-02    0.32611E+02
    0.18541E-02    0.33194E+02
    0.18916E-02    0.33787E+02
    0.19298E-02    0.34387E+02
    0.19688E-02    0.34997E+02
    0.20086E-02    0.35616E+02
    0.20491E-02    0.36243E+02
    0.20905E-02    0.36879E+02
    0.21328E-02    0.37524E+02
    0.21758E-02    0.38178E+02
    0.22198E-02    0.38841E+02
    0.22646E-02    0.39513E+02
    0.23104E-02    0.40194E+02
    0.23571E-02    0.40884E+02
    0.24047E-02    0.41583E+02
    0.24533E-02    0.42291E+02
    0.25028E-02    0.43008E+02
    0.25534E-02    0.43734E+02
    0.26050E-02    0.44468E+02
    0.26576E-02    0.45212E+02
    0.27113E-02    0.45964E+02
    0.27660E-02    0.46725E+02
    0.28219E-02    0.47495E+02
    0.28789E-02    0.48274E+02
    0.29371E-02    0.49061E+02
    0.29964E-02    0.49857E+02
    0.30569E-02    0.50661E+02
    0.31187E-02    0.51474E+02
    0.31817E-02    0.52295E+02
    0.32460E-02    0.53125E+02
    0.33115E-02    0.53962E+02
    0.33784E-02    0.54808E+02
    0.34467E-02    0.55661E+02
    0.35163E-02    0.56522E+02
    0.35874E-02    0.57391E+02
    0.36598E-02    0.58268E+02
    0.37338E-02    0.59152E+02
    0.38092E-02    0.60043E+02
    0.38861E-02    0.60941E+02
    0.39646E-02    0.61846E+02
    0.40447E-02    0.62757E+02
    0.41264E-02    0.63675E+02
    0.42098E-02    0.64600E+02
    0.42948E-02    0.65530E+02
    0.43816E-02    0.66466E+02
    0.44701E-02    0.67408E+02
    0.45604E-02    0.68354E+02
    0.46525E-02    0.69306E+02
    0.47465E-02    0.70262E+02
    0.48424E-02    0.71223E+02
    0.49402E-02    0.72187E+02
    0.50400E-02    0.73155E+02
    0.51419E-02    0.74127E+02
    0.52457E-02    0.75101E+02
    0.53517E-02    0.76077E+02
    0.54598E-02    0.77055E+02
    0.55701E-02    0.78034E+02
    0.56826E-02    0.79023E+02
    0.57974E-02    0.80004E+02
    0.59145E-02    0.80985E+02
    0.60340E-02    0.81966E+02
    0.61559E-02    0.82946E+02
    0.62803E-02    0.83924E+02
    0.64072E-02    0.84899E+02
    0.65366E-02    0.85872E+02
    0.66686E-02    0.86842E+02
    0.68033E-02    0.87807E+02
    0.69408E-02    0.88768E+02
    0.70810E-02    0.89723E+02
    0.72240E-02    0.90670E+02
    0.73700E-02    0.91610E+02
    0.75189E-02    0.92544E+02
    0.76708E-02    0.93470E+02
    0.78257E-02    0.94386E+02
    0.79838E-02    0.95292E+02
    0.81451E-02    0.96187E+02
    0.83096E-02    0.97070E+02
    0.84775E-02    0.97941E+02
    0.86488E-02    0.98797E+02
    0.88235E-02    0.99640E+02
    0.90017E-02    0.10047E+03
    0.91836E-02    0.10128E+03
    0.93691E-02    0.10207E+03
    0.95583E-02    0.10284E+03
    0.97514E-02    0.10360E+03
    0.99484E-02    0.10433E+03
    0.10149E-01    0.10505E+03
    0.10354E-01    0.10574E+03
    0.10564E-01    0.10640E+03
    0.10777E-01    0.10704E+03
    0.10995E-01    0.10766E+03
    0.11217E-01    0.10824E+03
    0.11443E-01    0.10880E+03
    0.11675E-01    0.10933E+03
    0.11910E-01    0.10983E+03
    0.12151E-01    0.11029E+03
    0.12397E-01    0.11072E+03
    0.12647E-01    0.11112E+03
    0.12902E-01    0.11148E+03
    0.13163E-01    0.11180E+03
    0.13429E-01    0.11209E+03
    0.13700E-01    0.11233E+03
    0.13977E-01    0.11253E+03
    0.14259E-01    0.11270E+03
    0.14547E-01    0.11281E+03
    0.14841E-01    0.11289E+03
    0.15141E-01    0.11292E+03
    0.15447E-01    0.11290E+03
    0.15759E-01    0.11283E+03
    0.16077E-01    0.11271E+03
    0.16402E-01    0.11250E+03
    0.16734E-01    0.11284E+03
    0.17072E-01    0.11257E+03
    0.17416E-01    0.11228E+03
    0.17768E-01    0.11193E+03
    0.18127E-01    0.11154E+03
    0.18493E-01    0.11109E+03
    0.18867E-01    0.11059E+03
    0.19248E-01    0.11004E+03
    0.19637E-01    0.10943E+03
    0.20034E-01    0.10877E+03
    0.20438E-01    0.10805E+03
    0.20851E-01    0.10727E+03
    0.21272E-01    0.10618E+03
    0.21702E-01    0.10515E+03
    0.22141E-01    0.10420E+03
    0.22588E-01    0.10321E+03
    0.23044E-01    0.10217E+03
    0.23510E-01    0.10108E+03
    0.23985E-01    0.99938E+02
    0.24469E-01    0.98756E+02
    0.24964E-01    0.97530E+02
    0.25468E-01    0.96268E+02
    0.25982E-01    0.95062E+02
    0.26507E-01    0.93774E+02
    0.27043E-01    0.92400E+02
    0.27589E-01    0.90992E+02
    0.28146E-01    0.89555E+02
    0.28715E-01    0.88094E+02
    0.29295E-01    0.86611E+02
    0.29887E-01    0.85110E+02
    0.30490E-01    0.83596E+02
    0.31106E-01    0.82071E+02
    0.31735E-01    0.80541E+02
    0.32376E-01    0.79009E+02
    0.33030E-01    0.77479E+02
    0.33697E-01    0.75957E+02
    0.34378E-01    0.74444E+02
    0.35072E-01    0.72947E+02
    0.35781E-01    0.71450E+02
    0.36504E-01    0.69972E+02
    0.37241E-01    0.68520E+02
    0.37993E-01    0.67099E+02
    0.38761E-01    0.65713E+02
    0.39544E-01    0.64367E+02
    0.40343E-01    0.63063E+02
    0.41158E-01    0.61805E+02
    0.41989E-01    0.60594E+02
    0.42838E-01    0.59433E+02
    0.43703E-01    0.58321E+02
    0.44586E-01    0.57259E+02
    0.45486E-01    0.56246E+02
    0.46405E-01    0.55281E+02
    0.47343E-01    0.54361E+02
    0.48299E-01    0.53484E+02
    0.49275E-01    0.52647E+02
    0.50270E-01    0.51846E+02
    0.51286E-01    0.51079E+02
    0.52322E-01    0.50341E+02
    0.53379E-01    0.49628E+02
    0.54457E-01    0.48937E+02
    0.55557E-01    0.48263E+02
    0.56680E-01    0.47593E+02
    0.57825E-01    0.47053E+02
    0.58993E-01    0.46411E+02
    0.60184E-01    0.45770E+02
    0.61400E-01    0.45115E+02
    0.62641E-01    0.44438E+02
    0.63906E-01    0.43733E+02
    0.65197E-01    0.42990E+02
    0.66514E-01    0.42205E+02
    0.67858E-01    0.41370E+02
    0.69229E-01    0.40484E+02
    0.70627E-01    0.39545E+02
    0.72054E-01    0.38552E+02
    0.73510E-01    0.37512E+02
    0.74994E-01    0.36427E+02
    0.76509E-01    0.35307E+02
    0.78055E-01    0.34160E+02
    0.79632E-01    0.32997E+02
    0.81241E-01    0.31827E+02
    0.82882E-01    0.30661E+02
    0.84556E-01    0.29510E+02
    0.86264E-01    0.28385E+02
    0.88007E-01    0.27294E+02
    0.89785E-01    0.26249E+02
    0.91598E-01    0.25257E+02
    0.93449E-01    0.24329E+02
    0.95337E-01    0.23470E+02
    0.97263E-01    0.22687E+02
    0.99227E-01    0.21981E+02
    0.10123E+00    0.21354E+02
    0.10328E+00    0.20802E+02
    0.10536E+00    0.20319E+02
    0.10749E+00    0.19895E+02
    0.10966E+00    0.19520E+02
    0.11188E+00    0.19179E+02
    0.11414E+00    0.18859E+02
    0.11644E+00    0.18542E+02
    0.11880E+00    0.18213E+02
    0.12120E+00    0.17856E+02
    0.12365E+00    0.17459E+02
    0.12614E+00    0.17013E+02
    0.12869E+00    0.16515E+02
    0.13129E+00    0.15966E+02
    0.13394E+00    0.15375E+02
    0.13665E+00    0.14754E+02
    0.13941E+00    0.14116E+02
    0.14223E+00    0.13477E+02
    0.14510E+00    0.12852E+02
    0.14803E+00    0.12257E+02
    0.15102E+00    0.11707E+02
    0.15407E+00    0.11213E+02
    0.15718E+00    0.10783E+02
    0.16036E+00    0.10418E+02
    0.16360E+00    0.10112E+02
    0.16690E+00    0.98543E+01
    0.17028E+00    0.96302E+01
    0.17371E+00    0.94243E+01
    0.17722E+00    0.92212E+01
    0.18080E+00    0.90060E+01
    0.18446E+00    0.87657E+01
    0.18818E+00    0.84920E+01
    0.19198E+00    0.81839E+01
    0.19586E+00    0.78481E+01
    0.19982E+00    0.74967E+01
    0.20386E+00    0.71441E+01
    0.20797E+00    0.68047E+01
    0.21218E+00    0.64913E+01
    0.21646E+00    0.62139E+01
    0.22083E+00    0.59773E+01
    0.22530E+00    0.57790E+01
    0.22985E+00    0.56097E+01
    0.23449E+00    0.54565E+01
    0.23923E+00    0.53061E+01
    0.24406E+00    0.51482E+01
    0.24899E+00    0.49756E+01
    0.25402E+00    0.47861E+01
    0.25915E+00    0.45832E+01
    0.26439E+00    0.43756E+01
    0.26973E+00    0.41748E+01
    0.27518E+00    0.39899E+01
    0.28074E+00    0.38259E+01
    0.28641E+00    0.36827E+01
    0.29219E+00    0.35562E+01
    0.29810E+00    0.34398E+01
    0.30412E+00    0.33252E+01
    0.31026E+00    0.32058E+01
    0.31653E+00    0.30794E+01
    0.32292E+00    0.29488E+01
    0.32945E+00    0.28191E+01
    0.33610E+00    0.26960E+01
    0.34289E+00    0.25835E+01
    0.34982E+00    0.24822E+01
    0.35689E+00    0.23896E+01
    0.36409E+00    0.23015E+01
    0.37145E+00    0.22137E+01
    0.37895E+00    0.21248E+01
    0.38661E+00    0.20352E+01
    0.39442E+00    0.19476E+01
    0.40239E+00    0.18648E+01
    0.41052E+00    0.17880E+01
    0.41881E+00    0.17167E+01
    0.42727E+00    0.16488E+01
    0.43590E+00    0.15823E+01
    0.44471E+00    0.15166E+01
    0.45369E+00    0.14522E+01
    0.46286E+00    0.13902E+01
    0.47221E+00    0.13318E+01
    0.48174E+00    0.12766E+01
    0.49148E+00    0.12239E+01
    0.50141E+00    0.11729E+01
    0.51153E+00    0.11231E+01
    0.52187E+00    0.10751E+01
    0.53241E+00    0.10291E+01
    0.54317E+00    0.98549E+00
    0.55414E+00    0.94378E+00
    0.56533E+00    0.90359E+00
    0.57675E+00    0.86479E+00
    0.58840E+00    0.82747E+00
    0.60029E+00    0.79179E+00
    0.61242E+00    0.75768E+00
    0.62479E+00    0.72499E+00
    0.63741E+00    0.69355E+00
    0.65029E+00    0.66336E+00
    0.66342E+00    0.63445E+00
    0.67683E+00    0.60677E+00
    0.69050E+00    0.58026E+00
    0.70445E+00    0.55481E+00
    0.71868E+00    0.53044E+00
    0.73320E+00    0.50708E+00
    0.74801E+00    0.48472E+00
    0.76312E+00    0.46329E+00
    0.77854E+00    0.44276E+00
    0.79426E+00    0.42311E+00
    0.81031E+00    0.40429E+00
    0.82668E+00    0.38627E+00
    0.84338E+00    0.36902E+00
    0.86041E+00    0.35252E+00
    0.87780E+00    0.33671E+00
    0.89553E+00    0.32159E+00
    0.91362E+00    0.30713E+00
    0.93208E+00    0.29329E+00
    0.95091E+00    0.28004E+00
    0.97011E+00    0.26738E+00
    0.98971E+00    0.25526E+00
    0.10097E+01    0.24367E+00
    0.10301E+01    0.23259E+00
    0.10509E+01    0.22199E+00
    0.10721E+01    0.21186E+00
    0.10938E+01    0.20218E+00
    0.11159E+01    0.19292E+00
    0.11384E+01    0.18408E+00
    0.11614E+01    0.17562E+00
    0.11849E+01    0.16754E+00
    0.12088E+01    0.15982E+00
    0.12333E+01    0.15245E+00
    0.12582E+01    0.14540E+00
    0.12836E+01    0.13867E+00
    0.13095E+01    0.13224E+00
    0.13360E+01    0.12610E+00
    0.13630E+01    0.12023E+00
    0.13905E+01    0.11463E+00
    0.14186E+01    0.10929E+00
    0.14472E+01    0.10418E+00
    0.14765E+01    0.99309E-01
    0.15063E+01    0.94657E-01
    0.15367E+01    0.90216E-01
    0.15678E+01    0.85979E-01
    0.15994E+01    0.81935E-01
    0.16318E+01    0.78076E-01
    0.16647E+01    0.74393E-01
    0.16984E+01    0.70880E-01
    0.17327E+01    0.67528E-01
    0.17677E+01    0.64330E-01
    0.18034E+01    0.61280E-01
    0.18398E+01    0.58371E-01
    0.18770E+01    0.55596E-01
    0.19149E+01    0.52950E-01
    0.19536E+01    0.50427E-01
    0.19930E+01    0.48021E-01
    0.20333E+01    0.45727E-01
    0.20744E+01    0.43541E-01
    0.21163E+01    0.41456E-01
    0.21590E+01    0.39468E-01
    0.22026E+01    0.37574E-01
    0.22471E+01    0.35768E-01
    0.22925E+01    0.34048E-01
    0.23388E+01    0.32408E-01
    0.23861E+01    0.30845E-01
    0.24343E+01    0.29357E-01
    0.24835E+01    0.27938E-01
    0.25336E+01    0.26587E-01
    0.25848E+01    0.25299E-01
    0.26370E+01    0.24073E-01
    0.26903E+01    0.22904E-01
    0.27447E+01    0.21792E-01
    0.28001E+01    0.20732E-01
    0.28567E+01    0.19723E-01
    0.29144E+01    0.18762E-01
    0.29733E+01    0.17846E-01
    0.30333E+01    0.16975E-01
    0.30946E+01    0.16145E-01
    0.31571E+01    0.15355E-01
    0.32209E+01    0.14603E-01
    0.32860E+01    0.13887E-01
    0.33523E+01    0.13206E-01
    0.34201E+01    0.12557E-01
    0.34892E+01    0.11940E-01
    0.35596E+01    0.11353E-01
    0.36316E+01    0.10793E-01
    0.37049E+01    0.10261E-01
    0.37798E+01    0.97551E-02
    0.38561E+01    0.92733E-02
    0.39340E+01    0.88149E-02
    0.40135E+01    0.83788E-02
    0.40946E+01    0.79639E-02
    0.41773E+01    0.75692E-02
    0.42617E+01    0.71938E-02
    0.43478E+01    0.68366E-02
    0.44356E+01    0.64970E-02
    0.45252E+01    0.61739E-02
    0.46166E+01    0.58666E-02
    0.47099E+01    0.55744E-02
    0.48050E+01    0.52965E-02
    0.49021E+01    0.50322E-02
    0.50011E+01    0.47810E-02
    0.51021E+01    0.45421E-02
    0.52052E+01    0.43149E-02
    0.53104E+01    0.40990E-02
    0.54176E+01    0.38937E-02
    0.55271E+01    0.36985E-02
    0.56387E+01    0.35129E-02
    0.57526E+01    0.33366E-02
    0.58689E+01    0.31690E-02
    0.59874E+01    0.30096E-02
    0.61084E+01    0.28582E-02
    0.62318E+01    0.27143E-02
    0.63577E+01    0.25775E-02
    0.64861E+01    0.24476E-02
    0.66171E+01    0.23240E-02
    0.67508E+01    0.22067E-02
    0.68872E+01    0.20952E-02
    0.70263E+01    0.19892E-02
    0.71682E+01    0.18886E-02
    0.73130E+01    0.17930E-02
    0.74608E+01    0.17021E-02
    0.76115E+01    0.16158E-02
    0.77653E+01    0.15338E-02
    0.79221E+01    0.14559E-02
    0.80822E+01    0.13820E-02
    0.82454E+01    0.13117E-02
    0.84120E+01    0.12450E-02
    0.85819E+01    0.11816E-02
    0.87553E+01    0.11214E-02
    0.89322E+01    0.10643E-02
    0.91126E+01    0.10100E-02
    0.92967E+01    0.95844E-03
    0.94845E+01    0.90950E-03
    0.96761E+01    0.86303E-03
    0.98716E+01    0.81890E-03
    0.10071E+02    0.77701E-03
    0.10274E+02    0.73723E-03
    0.10482E+02    0.69947E-03
    0.10694E+02    0.66363E-03
    0.10910E+02    0.62959E-03
    0.11130E+02    0.59729E-03
    0.11355E+02    0.56663E-03
    0.11584E+02    0.53752E-03
    0.11818E+02    0.50989E-03
    0.12057E+02    0.48367E-03
    0.12301E+02    0.45878E-03
    0.12549E+02    0.43516E-03
    0.12803E+02    0.41274E-03
    0.13061E+02    0.39147E-03
    0.13325E+02    0.37128E-03
    0.13594E+02    0.35212E-03
    0.13869E+02    0.33394E-03
    0.14149E+02    0.31669E-03
    0.14435E+02    0.30033E-03
    0.14727E+02    0.28480E-03
    0.15024E+02    0.27006E-03
    0.15328E+02    0.25608E-03
    0.15637E+02    0.24282E-03
    0.15953E+02    0.23024E-03
    0.16275E+02    0.21830E-03
    0.16604E+02    0.20698E-03
    0.16940E+02    0.19624E-03
    0.17282E+02    0.18605E-03
    0.17631E+02    0.17638E-03
    0.17987E+02    0.16722E-03
    0.18351E+02    0.15852E-03
    0.18721E+02    0.15027E-03
    0.19099E+02    0.14245E-03
    0.19485E+02    0.13503E-03
    0.19879E+02    0.12800E-03
    0.20280E+02    0.12133E-03
    0.20690E+02    0.11500E-03
    0.21108E+02    0.10900E-03
    0.21535E+02    0.10331E-03
    0.21970E+02    0.97913E-04
    0.22413E+02    0.92798E-04
    0.22866E+02    0.87947E-04
    0.23328E+02    0.83347E-04
    0.23799E+02    0.78986E-04
    0.24280E+02    0.74852E-04
    0.24771E+02    0.70932E-04
    0.25271E+02    0.67215E-04
    0.25782E+02    0.63692E-04
    0.26302E+02    0.60352E-04
    0.26834E+02    0.57186E-04
    0.27376E+02    0.54184E-04
    0.27929E+02    0.51339E-04
    0.28493E+02    0.48642E-04
    0.29069E+02    0.46085E-04
    0.29656E+02    0.43662E-04
    0.30255E+02    0.41365E-04
    0.30866E+02    0.39188E-04
    0.31490E+02    0.37125E-04
    0.32126E+02    0.35169E-04
    0.32775E+02    0.33316E-04
    0.33437E+02    0.31560E-04
    0.34112E+02    0.29895E-04
    0.34801E+02    0.28318E-04
    0.35504E+02    0.26823E-04
    0.36222E+02    0.25406E-04
    0.36953E+02    0.24064E-04
    0.37700E+02    0.22792E-04
    0.38462E+02    0.21587E-04
    0.39239E+02    0.20445E-04
    0.40031E+02    0.19363E-04
    0.40840E+02    0.18338E-04
    0.41665E+02    0.17366E-04
    0.42507E+02    0.16446E-04
    0.43365E+02    0.15574E-04
    0.44241E+02    0.14748E-04
    0.45135E+02    0.13966E-04
    0.46047E+02    0.13224E-04
    0.46977E+02    0.12522E-04
    0.47926E+02    0.11857E-04
    0.48894E+02    0.11226E-04
    0.49882E+02    0.10630E-04
    0.50890E+02    0.10064E-04
    0.51918E+02    0.95284E-05
    0.52966E+02    0.90210E-05
    0.54036E+02    0.85405E-05
    0.55128E+02    0.80853E-05
    0.56242E+02    0.76542E-05
    0.57378E+02    0.72460E-05
    0.58537E+02    0.68593E-05
    0.59720E+02    0.64931E-05
    0.60926E+02    0.61462E-05
    0.62157E+02    0.58178E-05
    0.63412E+02    0.55067E-05
    0.64693E+02    0.52122E-05
    0.66000E+02    0.49333E-05
    0.67334E+02    0.46691E-05
    0.68694E+02    0.44190E-05
    0.70082E+02    0.41822E-05
    0.71497E+02    0.39579E-05
    0.72942E+02    0.37456E-05
    0.74415E+02    0.35446E-05
    0.75918E+02    0.33542E-05
    0.77452E+02    0.31740E-05
    0.79017E+02    0.30034E-05
    0.80613E+02    0.28419E-05
    0.82241E+02    0.26889E-05
    0.83903E+02    0.25441E-05
    0.85598E+02    0.24071E-05
    0.87327E+02    0.22773E-05
    0.89091E+02    0.21545E-05
    0.90891E+02    0.20382E-05
    0.92727E+02    0.19282E-05
    0.94600E+02    0.18240E-05
    0.96511E+02    0.17254E-05
    0.98461E+02    0.16321E-05
    0.10045E+03    0.15437E-05
    0.10248E+03    0.14601E-05
    0.10455E+03    0.13810E-05
    0.10666E+03    0.13061E-05
    0.10882E+03    0.12352E-05
    0.11101E+03    0.11681E-05
    0.11326E+03    0.11046E-05
    0.11554E+03    0.10445E-05
    0.11788E+03    0.98769E-06
    0.12026E+03    0.93389E-06
    0.12269E+03    0.88298E-06
    0.12517E+03    0.83481E-06
    0.12770E+03    0.78923E-06
    0.13028E+03    0.74611E-06
    0.13291E+03    0.70530E-06
    0.13559E+03    0.66670E-06
    0.13833E+03    0.63017E-06
    0.14113E+03    0.59562E-06
    0.14398E+03    0.56293E-06
    0.14689E+03    0.53200E-06
    0.14985E+03    0.50275E-06
    0.15288E+03    0.47507E-06
    0.15597E+03    0.44890E-06
    0.15912E+03    0.42414E-06
    0.16233E+03    0.40072E-06
    0.16561E+03    0.37857E-06
    0.16896E+03    0.35762E-06
    0.17237E+03    0.33780E-06
    0.17585E+03    0.31907E-06
    0.17941E+03    0.30135E-06
    0.18303E+03    0.28459E-06
    0.18673E+03    0.26875E-06
    0.19050E+03    0.25377E-06
    0.19435E+03    0.23960E-06
    0.19828E+03    0.22621E-06
