    0.10000E-03    0.39683E-02
    0.10202E-03    0.40453E-02
    0.10408E-03    0.41238E-02
    0.10618E-03    0.42038E-02
    0.10833E-03    0.42854E-02
    0.11052E-03    0.43685E-02
    0.11275E-03    0.44533E-02
    0.11503E-03    0.45397E-02
    0.11735E-03    0.46278E-02
    0.11972E-03    0.47176E-02
    0.12214E-03    0.48091E-02
    0.12461E-03    0.49025E-02
    0.12712E-03    0.49976E-02
    0.12969E-03    0.50946E-02
    0.13231E-03    0.51934E-02
    0.13499E-03    0.52942E-02
    0.13771E-03    0.53969E-02
    0.14049E-03    0.55016E-02
    0.14333E-03    0.56084E-02
    0.14623E-03    0.57172E-02
    0.14918E-03    0.58281E-02
    0.15220E-03    0.59412E-02
    0.15527E-03    0.60565E-02
    0.15841E-03    0.61740E-02
    0.16161E-03    0.62938E-02
    0.16487E-03    0.64160E-02
    0.16820E-03    0.65404E-02
    0.17160E-03    0.66673E-02
    0.17507E-03    0.67967E-02
    0.17860E-03    0.69286E-02
    0.18221E-03    0.70630E-02
    0.18589E-03    0.72001E-02
    0.18965E-03    0.73398E-02
    0.19348E-03    0.74822E-02
    0.19739E-03    0.76273E-02
    0.20138E-03    0.77753E-02
    0.20544E-03    0.79262E-02
    0.20959E-03    0.80800E-02
    0.21383E-03    0.82367E-02
    0.21815E-03    0.83965E-02
    0.22255E-03    0.85594E-02
    0.22705E-03    0.87255E-02
    0.23164E-03    0.88948E-02
    0.23632E-03    0.90673E-02
    0.24109E-03    0.92433E-02
    0.24596E-03    0.94226E-02
    0.25093E-03    0.96054E-02
    0.25600E-03    0.97917E-02
    0.26117E-03    0.99817E-02
    0.26645E-03    0.10175E-01
    0.27183E-03    0.10373E-01
    0.27732E-03    0.10574E-01
    0.28292E-03    0.10779E-01
    0.28864E-03    0.10988E-01
    0.29447E-03    0.11201E-01
    0.30042E-03    0.11419E-01
    0.30649E-03    0.11640E-01
    0.31268E-03    0.11866E-01
    0.31899E-03    0.12096E-01
    0.32544E-03    0.12331E-01
    0.33201E-03    0.12570E-01
    0.33872E-03    0.12814E-01
    0.34556E-03    0.13062E-01
    0.35254E-03    0.13315E-01
    0.35966E-03    0.13574E-01
    0.36693E-03    0.13837E-01
    0.37434E-03    0.14105E-01
    0.38190E-03    0.14379E-01
    0.38962E-03    0.14657E-01
    0.39749E-03    0.14942E-01
    0.40552E-03    0.15231E-01
    0.41371E-03    0.15527E-01
    0.42207E-03    0.15828E-01
    0.43060E-03    0.16135E-01
    0.43929E-03    0.16448E-01
    0.44817E-03    0.16766E-01
    0.45722E-03    0.17091E-01
    0.46646E-03    0.17423E-01
    0.47588E-03    0.17760E-01
    0.48550E-03    0.18105E-01
    0.49530E-03    0.18456E-01
    0.50531E-03    0.18813E-01
    0.51552E-03    0.19178E-01
    0.52593E-03    0.19550E-01
    0.53656E-03    0.19928E-01
    0.54739E-03    0.20315E-01
    0.55845E-03    0.20708E-01
    0.56973E-03    0.21109E-01
    0.58124E-03    0.21518E-01
    0.59299E-03    0.21935E-01
    0.60496E-03    0.22360E-01
    0.61719E-03    0.22793E-01
    0.62965E-03    0.23235E-01
    0.64237E-03    0.23685E-01
    0.65535E-03    0.24143E-01
    0.66859E-03    0.24611E-01
    0.68210E-03    0.25087E-01
    0.69588E-03    0.25573E-01
    0.70993E-03    0.26068E-01
    0.72427E-03    0.26573E-01
    0.73891E-03    0.27087E-01
    0.75383E-03    0.27611E-01
    0.76906E-03    0.28146E-01
    0.78460E-03    0.28690E-01
    0.80045E-03    0.29245E-01
    0.81662E-03    0.29811E-01
    0.83311E-03    0.30387E-01
    0.84994E-03    0.30975E-01
    0.86711E-03    0.31574E-01
    0.88463E-03    0.32184E-01
    0.90250E-03    0.32806E-01
    0.92073E-03    0.33440E-01
    0.93933E-03    0.34086E-01
    0.95831E-03    0.34745E-01
    0.97767E-03    0.35416E-01
    0.99742E-03    0.36100E-01
    0.10176E-02    0.36797E-01
    0.10381E-02    0.37507E-01
    0.10591E-02    0.38231E-01
    0.10805E-02    0.38969E-01
    0.11023E-02    0.39721E-01
    0.11246E-02    0.40487E-01
    0.11473E-02    0.41267E-01
    0.11705E-02    0.42063E-01
    0.11941E-02    0.42873E-01
    0.12182E-02    0.43699E-01
    0.12429E-02    0.44541E-01
    0.12680E-02    0.45399E-01
    0.12936E-02    0.46273E-01
    0.13197E-02    0.47163E-01
    0.13464E-02    0.48070E-01
    0.13736E-02    0.48994E-01
    0.14013E-02    0.49936E-01
    0.14296E-02    0.50895E-01
    0.14585E-02    0.51873E-01
    0.14880E-02    0.52869E-01
    0.15180E-02    0.53883E-01
    0.15487E-02    0.54917E-01
    0.15800E-02    0.55969E-01
    0.16119E-02    0.57042E-01
    0.16445E-02    0.58134E-01
    0.16777E-02    0.59247E-01
    0.17116E-02    0.60380E-01
    0.17462E-02    0.61535E-01
    0.17814E-02    0.62710E-01
    0.18174E-02    0.63908E-01
    0.18541E-02    0.65127E-01
    0.18916E-02    0.66369E-01
    0.19298E-02    0.67634E-01
    0.19688E-02    0.68922E-01
    0.20086E-02    0.70233E-01
    0.20491E-02    0.71568E-01
    0.20905E-02    0.72927E-01
    0.21328E-02    0.74311E-01
    0.21758E-02    0.75720E-01
    0.22198E-02    0.77155E-01
    0.22646E-02    0.78615E-01
    0.23104E-02    0.80101E-01
    0.23571E-02    0.81614E-01
    0.24047E-02    0.83153E-01
    0.24533E-02    0.84720E-01
    0.25028E-02    0.86314E-01
    0.25534E-02    0.87937E-01
    0.26050E-02    0.89587E-01
    0.26576E-02    0.91266E-01
    0.27113E-02    0.92975E-01
    0.27660E-02    0.94713E-01
    0.28219E-02    0.96480E-01
    0.28789E-02    0.98278E-01
    0.29371E-02    0.10011E+00
    0.29964E-02    0.10196E+00
    0.30569E-02    0.10385E+00
    0.31187E-02    0.10578E+00
    0.31817E-02    0.10773E+00
    0.32460E-02    0.10971E+00
    0.33115E-02    0.11173E+00
    0.33784E-02    0.11378E+00
    0.34467E-02    0.11586E+00
    0.35163E-02    0.11798E+00
    0.35874E-02    0.12013E+00
    0.36598E-02    0.12231E+00
    0.37338E-02    0.12453E+00
    0.38092E-02    0.12678E+00
    0.38861E-02    0.12906E+00
    0.39646E-02    0.13138E+00
    0.40447E-02    0.13373E+00
    0.41264E-02    0.13611E+00
    0.42098E-02    0.13853E+00
    0.42948E-02    0.14099E+00
    0.43816E-02    0.14348E+00
    0.44701E-02    0.14600E+00
    0.45604E-02    0.14855E+00
    0.46525E-02    0.15114E+00
    0.47465E-02    0.15377E+00
    0.48424E-02    0.15642E+00
    0.49402E-02    0.15911E+00
    0.50400E-02    0.16183E+00
    0.51419E-02    0.16459E+00
    0.52457E-02    0.16737E+00
    0.53517E-02    0.17019E+00
    0.54598E-02    0.17303E+00
    0.55701E-02    0.17591E+00
    0.56826E-02    0.17881E+00
    0.57974E-02    0.18175E+00
    0.59145E-02    0.18471E+00
    0.60340E-02    0.18769E+00
    0.61559E-02    0.19071E+00
    0.62803E-02    0.19374E+00
    0.64072E-02    0.19680E+00
    0.65366E-02    0.19988E+00
    0.66686E-02    0.20298E+00
    0.68033E-02    0.20610E+00
    0.69408E-02    0.20923E+00
    0.70810E-02    0.21238E+00
    0.72240E-02    0.21554E+00
    0.73700E-02    0.21872E+00
    0.75189E-02    0.22190E+00
    0.76708E-02    0.22509E+00
    0.78257E-02    0.22828E+00
    0.79838E-02    0.23147E+00
    0.81451E-02    0.23467E+00
    0.83096E-02    0.23786E+00
    0.84775E-02    0.24104E+00
    0.86488E-02    0.24422E+00
    0.88235E-02    0.24738E+00
    0.90017E-02    0.25052E+00
    0.91836E-02    0.25365E+00
    0.93691E-02    0.25675E+00
    0.95583E-02    0.25983E+00
    0.97514E-02    0.26288E+00
    0.99484E-02    0.26589E+00
    0.10149E-01    0.26887E+00
    0.10354E-01    0.27180E+00
    0.10564E-01    0.27469E+00
    0.10777E-01    0.27752E+00
    0.10995E-01    0.28030E+00
    0.11217E-01    0.28303E+00
    0.11443E-01    0.28568E+00
    0.11675E-01    0.28827E+00
    0.11910E-01    0.29079E+00
    0.12151E-01    0.29322E+00
    0.12397E-01    0.29558E+00
    0.12647E-01    0.29784E+00
    0.12902E-01    0.30001E+00
    0.13163E-01    0.30209E+00
    0.13429E-01    0.30406E+00
    0.13700E-01    0.30592E+00
    0.13977E-01    0.30767E+00
    0.14259E-01    0.30931E+00
    0.14547E-01    0.31082E+00
    0.14841E-01    0.31220E+00
    0.15141E-01    0.31345E+00
    0.15447E-01    0.31457E+00
    0.15759E-01    0.31554E+00
    0.16077E-01    0.31637E+00
    0.16402E-01    0.31705E+00
    0.16734E-01    0.31755E+00
    0.17072E-01    0.31792E+00
    0.17416E-01    0.31813E+00
    0.17768E-01    0.31817E+00
    0.18127E-01    0.31804E+00
    0.18493E-01    0.31775E+00
    0.18867E-01    0.31728E+00
    0.19248E-01    0.31663E+00
    0.19637E-01    0.31581E+00
    0.20034E-01    0.31480E+00
    0.20438E-01    0.31361E+00
    0.20851E-01    0.31224E+00
    0.21272E-01    0.31069E+00
    0.21702E-01    0.30895E+00
    0.22141E-01    0.30704E+00
    0.22588E-01    0.30493E+00
    0.23044E-01    0.30265E+00
    0.23510E-01    0.30020E+00
    0.23985E-01    0.29757E+00
    0.24469E-01    0.29476E+00
    0.24964E-01    0.29180E+00
    0.25468E-01    0.28867E+00
    0.25982E-01    0.28539E+00
    0.26507E-01    0.28197E+00
    0.27043E-01    0.27841E+00
    0.27589E-01    0.27472E+00
    0.28146E-01    0.27091E+00
    0.28715E-01    0.26699E+00
    0.29295E-01    0.26298E+00
    0.29887E-01    0.25888E+00
    0.30490E-01    0.25471E+00
    0.31106E-01    0.25048E+00
    0.31735E-01    0.24621E+00
    0.32376E-01    0.24190E+00
    0.33030E-01    0.23758E+00
    0.33697E-01    0.23325E+00
    0.34378E-01    0.22892E+00
    0.35072E-01    0.22462E+00
    0.35781E-01    0.22035E+00
    0.36504E-01    0.21612E+00
    0.37241E-01    0.21195E+00
    0.37993E-01    0.20784E+00
    0.38761E-01    0.20380E+00
    0.39544E-01    0.19986E+00
    0.40343E-01    0.19600E+00
    0.41158E-01    0.19224E+00
    0.41989E-01    0.18860E+00
    0.42838E-01    0.18506E+00
    0.43703E-01    0.18165E+00
    0.44586E-01    0.17836E+00
    0.45486E-01    0.17520E+00
    0.46405E-01    0.17217E+00
    0.47343E-01    0.16927E+00
    0.48299E-01    0.16650E+00
    0.49275E-01    0.16386E+00
    0.50270E-01    0.16134E+00
    0.51286E-01    0.15893E+00
    0.52322E-01    0.15662E+00
    0.53379E-01    0.15441E+00
    0.54457E-01    0.15227E+00
    0.55557E-01    0.15018E+00
    0.56680E-01    0.14814E+00
    0.57825E-01    0.14613E+00
    0.58993E-01    0.14413E+00
    0.60184E-01    0.14212E+00
    0.61400E-01    0.14006E+00
    0.62641E-01    0.13795E+00
    0.63906E-01    0.13575E+00
    0.65197E-01    0.13346E+00
    0.66514E-01    0.13105E+00
    0.67858E-01    0.12852E+00
    0.69229E-01    0.12585E+00
    0.70627E-01    0.12304E+00
    0.72054E-01    0.12009E+00
    0.73510E-01    0.11700E+00
    0.74994E-01    0.11378E+00
    0.76509E-01    0.11045E+00
    0.78055E-01    0.10703E+00
    0.79632E-01    0.10354E+00
    0.81241E-01    0.10002E+00
    0.82882E-01    0.96491E-01
    0.84556E-01    0.92990E-01
    0.86264E-01    0.89547E-01
    0.88007E-01    0.86196E-01
    0.89785E-01    0.82969E-01
    0.91598E-01    0.79894E-01
    0.93449E-01    0.76999E-01
    0.95337E-01    0.74307E-01
    0.97263E-01    0.71834E-01
    0.99227E-01    0.69589E-01
    0.10123E+00    0.67572E-01
    0.10328E+00    0.65774E-01
    0.10536E+00    0.64177E-01
    0.10749E+00    0.62757E-01
    0.10966E+00    0.61481E-01
    0.11188E+00    0.60312E-01
    0.11414E+00    0.59209E-01
    0.11644E+00    0.58128E-01
    0.11880E+00    0.57025E-01
    0.12120E+00    0.55858E-01
    0.12365E+00    0.54595E-01
    0.12614E+00    0.53212E-01
    0.12869E+00    0.51695E-01
    0.13129E+00    0.50045E-01
    0.13394E+00    0.48273E-01
    0.13665E+00    0.46404E-01
    0.13941E+00    0.44473E-01
    0.14223E+00    0.42528E-01
    0.14510E+00    0.40619E-01
    0.14803E+00    0.38794E-01
    0.15102E+00    0.37096E-01
    0.15407E+00    0.35556E-01
    0.15718E+00    0.34193E-01
    0.16036E+00    0.33011E-01
    0.16360E+00    0.31998E-01
    0.16690E+00    0.31130E-01
    0.17028E+00    0.30372E-01
    0.17371E+00    0.29679E-01
    0.17722E+00    0.29005E-01
    0.18080E+00    0.28305E-01
    0.18446E+00    0.27539E-01
    0.18818E+00    0.26685E-01
    0.19198E+00    0.25738E-01
    0.19586E+00    0.24713E-01
    0.19982E+00    0.23640E-01
    0.20386E+00    0.22560E-01
    0.20797E+00    0.21516E-01
    0.21218E+00    0.20547E-01
    0.21646E+00    0.19678E-01
    0.22083E+00    0.18923E-01
    0.22530E+00    0.18276E-01
    0.22985E+00    0.17717E-01
    0.23449E+00    0.17211E-01
    0.23923E+00    0.16723E-01
    0.24406E+00    0.16217E-01
    0.24899E+00    0.15673E-01
    0.25402E+00    0.15084E-01
    0.25915E+00    0.14458E-01
    0.26439E+00    0.13819E-01
    0.26973E+00    0.13197E-01
    0.27518E+00    0.12618E-01
    0.28074E+00    0.12099E-01
    0.28641E+00    0.11641E-01
    0.29219E+00    0.11235E-01
    0.29810E+00    0.10859E-01
    0.30412E+00    0.10491E-01
    0.31026E+00    0.10113E-01
    0.31653E+00    0.97177E-02
    0.32292E+00    0.93110E-02
    0.32945E+00    0.89071E-02
    0.33610E+00    0.85216E-02
    0.34289E+00    0.81662E-02
    0.34982E+00    0.78443E-02
    0.35689E+00    0.75487E-02
    0.36409E+00    0.72675E-02
    0.37145E+00    0.69900E-02
    0.37895E+00    0.67100E-02
    0.38661E+00    0.64288E-02
    0.39442E+00    0.61540E-02
    0.40239E+00    0.58934E-02
    0.41052E+00    0.56505E-02
    0.41881E+00    0.54240E-02
    0.42727E+00    0.52087E-02
    0.43590E+00    0.49985E-02
    0.44471E+00    0.47914E-02
    0.45369E+00    0.45885E-02
    0.46286E+00    0.43933E-02
    0.47221E+00    0.42086E-02
    0.48174E+00    0.40340E-02
    0.49148E+00    0.38673E-02
    0.50141E+00    0.37060E-02
    0.51153E+00    0.35490E-02
    0.52187E+00    0.33975E-02
    0.53241E+00    0.32525E-02
    0.54317E+00    0.31145E-02
    0.55414E+00    0.29825E-02
    0.56533E+00    0.28556E-02
    0.57675E+00    0.27331E-02
    0.58840E+00    0.26152E-02
    0.60029E+00    0.25025E-02
    0.61242E+00    0.23947E-02
    0.62479E+00    0.22914E-02
    0.63741E+00    0.21920E-02
    0.65029E+00    0.20967E-02
    0.66342E+00    0.20053E-02
    0.67683E+00    0.19178E-02
    0.69050E+00    0.18341E-02
    0.70445E+00    0.17537E-02
    0.71868E+00    0.16766E-02
    0.73320E+00    0.16028E-02
    0.74801E+00    0.15322E-02
    0.76312E+00    0.14645E-02
    0.77854E+00    0.13996E-02
    0.79426E+00    0.13375E-02
    0.81031E+00    0.12780E-02
    0.82668E+00    0.12211E-02
    0.84338E+00    0.11665E-02
    0.86041E+00    0.11144E-02
    0.87780E+00    0.10644E-02
    0.89553E+00    0.10166E-02
    0.91362E+00    0.97092E-03
    0.93208E+00    0.92717E-03
    0.95091E+00    0.88532E-03
    0.97011E+00    0.84528E-03
    0.98971E+00    0.80698E-03
    0.10097E+01    0.77036E-03
    0.10301E+01    0.73533E-03
    0.10509E+01    0.70184E-03
    0.10721E+01    0.66981E-03
    0.10938E+01    0.63920E-03
    0.11159E+01    0.60994E-03
    0.11384E+01    0.58198E-03
    0.11614E+01    0.55525E-03
    0.11849E+01    0.52971E-03
    0.12088E+01    0.50531E-03
    0.12333E+01    0.48200E-03
    0.12582E+01    0.45972E-03
    0.12836E+01    0.43844E-03
    0.13095E+01    0.41811E-03
    0.13360E+01    0.39870E-03
    0.13630E+01    0.38016E-03
    0.13905E+01    0.36246E-03
    0.14186E+01    0.34555E-03
    0.14472E+01    0.32942E-03
    0.14765E+01    0.31401E-03
    0.15063E+01    0.29930E-03
    0.15367E+01    0.28526E-03
    0.15678E+01    0.27187E-03
    0.15994E+01    0.25908E-03
    0.16318E+01    0.24688E-03
    0.16647E+01    0.23524E-03
    0.16984E+01    0.22413E-03
    0.17327E+01    0.21353E-03
    0.17677E+01    0.20342E-03
    0.18034E+01    0.19378E-03
    0.18398E+01    0.18458E-03
    0.18770E+01    0.17581E-03
    0.19149E+01    0.16744E-03
    0.19536E+01    0.15946E-03
    0.19930E+01    0.15185E-03
    0.20333E+01    0.14460E-03
    0.20744E+01    0.13769E-03
    0.21163E+01    0.13110E-03
    0.21590E+01    0.12481E-03
    0.22026E+01    0.11882E-03
    0.22471E+01    0.11311E-03
    0.22925E+01    0.10767E-03
    0.23388E+01    0.10249E-03
    0.23861E+01    0.97546E-04
    0.24343E+01    0.92838E-04
    0.24835E+01    0.88352E-04
    0.25336E+01    0.84079E-04
    0.25848E+01    0.80008E-04
    0.26370E+01    0.76129E-04
    0.26903E+01    0.72435E-04
    0.27447E+01    0.68917E-04
    0.28001E+01    0.65565E-04
    0.28567E+01    0.62374E-04
    0.29144E+01    0.59334E-04
    0.29733E+01    0.56440E-04
    0.30333E+01    0.53685E-04
    0.30946E+01    0.51061E-04
    0.31571E+01    0.48563E-04
    0.32209E+01    0.46185E-04
    0.32860E+01    0.43921E-04
    0.33523E+01    0.41766E-04
    0.34201E+01    0.39715E-04
    0.34892E+01    0.37763E-04
    0.35596E+01    0.35905E-04
    0.36316E+01    0.34137E-04
    0.37049E+01    0.32454E-04
    0.37798E+01    0.30853E-04
    0.38561E+01    0.29329E-04
    0.39340E+01    0.27880E-04
    0.40135E+01    0.26500E-04
    0.40946E+01    0.25188E-04
    0.41773E+01    0.23940E-04
    0.42617E+01    0.22753E-04
    0.43478E+01    0.21623E-04
    0.44356E+01    0.20549E-04
    0.45252E+01    0.19527E-04
    0.46166E+01    0.18556E-04
    0.47099E+01    0.17631E-04
    0.48050E+01    0.16752E-04
    0.49021E+01    0.15917E-04
    0.50011E+01    0.15122E-04
    0.51021E+01    0.14367E-04
    0.52052E+01    0.13648E-04
    0.53104E+01    0.12965E-04
    0.54176E+01    0.12316E-04
    0.55271E+01    0.11698E-04
    0.56387E+01    0.11112E-04
    0.57526E+01    0.10554E-04
    0.58689E+01    0.10024E-04
    0.59874E+01    0.95198E-05
    0.61084E+01    0.90408E-05
    0.62318E+01    0.85856E-05
    0.63577E+01    0.81531E-05
    0.64861E+01    0.77420E-05
    0.66171E+01    0.73514E-05
    0.67508E+01    0.69802E-05
    0.68872E+01    0.66275E-05
    0.70263E+01    0.62924E-05
    0.71682E+01    0.59741E-05
    0.73130E+01    0.56716E-05
    0.74608E+01    0.53842E-05
    0.76115E+01    0.51113E-05
    0.77653E+01    0.48520E-05
    0.79221E+01    0.46056E-05
    0.80822E+01    0.43717E-05
    0.82454E+01    0.41494E-05
    0.84120E+01    0.39384E-05
    0.85819E+01    0.37379E-05
    0.87553E+01    0.35475E-05
    0.89322E+01    0.33667E-05
    0.91126E+01    0.31951E-05
    0.92967E+01    0.30320E-05
    0.94845E+01    0.28772E-05
    0.96761E+01    0.27302E-05
    0.98716E+01    0.25907E-05
    0.10071E+02    0.24581E-05
    0.10274E+02    0.23323E-05
    0.10482E+02    0.22129E-05
    0.10694E+02    0.20995E-05
    0.10910E+02    0.19918E-05
    0.11130E+02    0.18897E-05
    0.11355E+02    0.17927E-05
    0.11584E+02    0.17006E-05
    0.11818E+02    0.16132E-05
    0.12057E+02    0.15303E-05
    0.12301E+02    0.14515E-05
    0.12549E+02    0.13768E-05
    0.12803E+02    0.13059E-05
    0.13061E+02    0.12386E-05
    0.13325E+02    0.11747E-05
    0.13594E+02    0.11141E-05
    0.13869E+02    0.10566E-05
    0.14149E+02    0.10021E-05
    0.14435E+02    0.95029E-06
    0.14727E+02    0.90116E-06
    0.15024E+02    0.85455E-06
    0.15328E+02    0.81033E-06
    0.15637E+02    0.76837E-06
    0.15953E+02    0.72857E-06
    0.16275E+02    0.69081E-06
    0.16604E+02    0.65499E-06
    0.16940E+02    0.62100E-06
    0.17282E+02    0.58877E-06
    0.17631E+02    0.55820E-06
    0.17987E+02    0.52919E-06
    0.18351E+02    0.50169E-06
    0.18721E+02    0.47559E-06
    0.19099E+02    0.45085E-06
    0.19485E+02    0.42738E-06
    0.19879E+02    0.40512E-06
    0.20280E+02    0.38401E-06
    0.20690E+02    0.36400E-06
    0.21108E+02    0.34501E-06
    0.21535E+02    0.32701E-06
    0.21970E+02    0.30994E-06
    0.22413E+02    0.29375E-06
    0.22866E+02    0.27841E-06
    0.23328E+02    0.26385E-06
    0.23799E+02    0.25006E-06
    0.24280E+02    0.23698E-06
    0.24771E+02    0.22457E-06
    0.25271E+02    0.21281E-06
    0.25782E+02    0.20167E-06
    0.26302E+02    0.19110E-06
    0.26834E+02    0.18108E-06
    0.27376E+02    0.17158E-06
    0.27929E+02    0.16258E-06
    0.28493E+02    0.15404E-06
    0.29069E+02    0.14595E-06
    0.29656E+02    0.13829E-06
    0.30255E+02    0.13102E-06
    0.30866E+02    0.12413E-06
    0.31490E+02    0.11760E-06
    0.32126E+02    0.11141E-06
    0.32775E+02    0.10555E-06
    0.33437E+02    0.99988E-07
    0.34112E+02    0.94721E-07
    0.34801E+02    0.89728E-07
    0.35504E+02    0.84998E-07
    0.36222E+02    0.80514E-07
    0.36953E+02    0.76266E-07
    0.37700E+02    0.72240E-07
    0.38462E+02    0.68426E-07
    0.39239E+02    0.64811E-07
    0.40031E+02    0.61386E-07
    0.40840E+02    0.58141E-07
    0.41665E+02    0.55067E-07
    0.42507E+02    0.52153E-07
    0.43365E+02    0.49393E-07
    0.44241E+02    0.46779E-07
    0.45135E+02    0.44301E-07
    0.46047E+02    0.41954E-07
    0.46977E+02    0.39731E-07
    0.47926E+02    0.37624E-07
    0.48894E+02    0.35629E-07
    0.49882E+02    0.33739E-07
    0.50890E+02    0.31948E-07
    0.51918E+02    0.30252E-07
    0.52966E+02    0.28645E-07
    0.54036E+02    0.27124E-07
    0.55128E+02    0.25682E-07
    0.56242E+02    0.24317E-07
    0.57378E+02    0.23024E-07
    0.58537E+02    0.21799E-07
    0.59720E+02    0.20639E-07
    0.60926E+02    0.19540E-07
    0.62157E+02    0.18500E-07
    0.63412E+02    0.17514E-07
    0.64693E+02    0.16581E-07
    0.66000E+02    0.15697E-07
    0.67334E+02    0.14860E-07
    0.68694E+02    0.14068E-07
    0.70082E+02    0.13317E-07
    0.71497E+02    0.12606E-07
    0.72942E+02    0.11933E-07
    0.74415E+02    0.11296E-07
    0.75918E+02    0.10693E-07
    0.77452E+02    0.10121E-07
    0.79017E+02    0.95803E-08
    0.80613E+02    0.90680E-08
    0.82241E+02    0.85830E-08
    0.83903E+02    0.81238E-08
    0.85598E+02    0.76890E-08
    0.87327E+02    0.72774E-08
    0.89091E+02    0.68877E-08
    0.90891E+02    0.65188E-08
    0.92727E+02    0.61695E-08
    0.94600E+02    0.58388E-08
    0.96511E+02    0.55258E-08
    0.98461E+02    0.52294E-08
    0.10045E+03    0.49489E-08
    0.10248E+03    0.46833E-08
    0.10455E+03    0.44319E-08
    0.10666E+03    0.41940E-08
    0.10882E+03    0.39687E-08
    0.11101E+03    0.37555E-08
    0.11326E+03    0.35537E-08
    0.11554E+03    0.33627E-08
    0.11788E+03    0.31819E-08
    0.12026E+03    0.30107E-08
    0.12269E+03    0.28487E-08
    0.12517E+03    0.26954E-08
    0.12770E+03    0.25503E-08
    0.13028E+03    0.24130E-08
    0.13291E+03    0.22830E-08
    0.13559E+03    0.21600E-08
    0.13833E+03    0.20436E-08
    0.14113E+03    0.19335E-08
    0.14398E+03    0.18292E-08
    0.14689E+03    0.17306E-08
    0.14985E+03    0.16372E-08
    0.15288E+03    0.15488E-08
    0.15597E+03    0.14652E-08
    0.15912E+03    0.13861E-08
    0.16233E+03    0.13112E-08
    0.16561E+03    0.12404E-08
    0.16896E+03    0.11734E-08
    0.17237E+03    0.11099E-08
    0.17585E+03    0.10499E-08
    0.17941E+03    0.99313E-09
    0.18303E+03    0.93940E-09
    0.18673E+03    0.88856E-09
    0.19050E+03    0.84046E-09
    0.19435E+03    0.79495E-09
    0.19828E+03    0.75190E-09
