    0.10000E-03    0.94887E+00
    0.10202E-03    0.96728E+00
    0.10408E-03    0.98605E+00
    0.10618E-03    0.10052E+01
    0.10833E-03    0.10247E+01
    0.11052E-03    0.10446E+01
    0.11275E-03    0.10648E+01
    0.11503E-03    0.10855E+01
    0.11735E-03    0.11065E+01
    0.11972E-03    0.11280E+01
    0.12214E-03    0.11499E+01
    0.12461E-03    0.11722E+01
    0.12712E-03    0.11949E+01
    0.12969E-03    0.12181E+01
    0.13231E-03    0.12417E+01
    0.13499E-03    0.12658E+01
    0.13771E-03    0.12904E+01
    0.14049E-03    0.13154E+01
    0.14333E-03    0.13409E+01
    0.14623E-03    0.13669E+01
    0.14918E-03    0.13934E+01
    0.15220E-03    0.14205E+01
    0.15527E-03    0.14480E+01
    0.15841E-03    0.14761E+01
    0.16161E-03    0.15047E+01
    0.16487E-03    0.15339E+01
    0.16820E-03    0.15637E+01
    0.17160E-03    0.15940E+01
    0.17507E-03    0.16249E+01
    0.17860E-03    0.16564E+01
    0.18221E-03    0.16885E+01
    0.18589E-03    0.17213E+01
    0.18965E-03    0.17546E+01
    0.19348E-03    0.17887E+01
    0.19739E-03    0.18233E+01
    0.20138E-03    0.18587E+01
    0.20544E-03    0.18947E+01
    0.20959E-03    0.19315E+01
    0.21383E-03    0.19689E+01
    0.21815E-03    0.20071E+01
    0.22255E-03    0.20460E+01
    0.22705E-03    0.20856E+01
    0.23164E-03    0.21261E+01
    0.23632E-03    0.21673E+01
    0.24109E-03    0.22093E+01
    0.24596E-03    0.22521E+01
    0.25093E-03    0.22957E+01
    0.25600E-03    0.23402E+01
    0.26117E-03    0.23856E+01
    0.26645E-03    0.24318E+01
    0.27183E-03    0.24789E+01
    0.27732E-03    0.25269E+01
    0.28292E-03    0.25759E+01
    0.28864E-03    0.26257E+01
    0.29447E-03    0.26766E+01
    0.30042E-03    0.27284E+01
    0.30649E-03    0.27813E+01
    0.31268E-03    0.28351E+01
    0.31899E-03    0.28900E+01
    0.32544E-03    0.29460E+01
    0.33201E-03    0.30030E+01
    0.33872E-03    0.30611E+01
    0.34556E-03    0.31203E+01
    0.35254E-03    0.31807E+01
    0.35966E-03    0.32423E+01
    0.36693E-03    0.33050E+01
    0.37434E-03    0.33689E+01
    0.38190E-03    0.34341E+01
    0.38962E-03    0.35005E+01
    0.39749E-03    0.35682E+01
    0.40552E-03    0.36372E+01
    0.41371E-03    0.37075E+01
    0.42207E-03    0.37791E+01
    0.43060E-03    0.38522E+01
    0.43929E-03    0.39266E+01
    0.44817E-03    0.40024E+01
    0.45722E-03    0.40797E+01
    0.46646E-03    0.41585E+01
    0.47588E-03    0.42388E+01
    0.48550E-03    0.43206E+01
    0.49530E-03    0.44040E+01
    0.50531E-03    0.44890E+01
    0.51552E-03    0.45756E+01
    0.52593E-03    0.46638E+01
    0.53656E-03    0.47537E+01
    0.54739E-03    0.48453E+01
    0.55845E-03    0.49387E+01
    0.56973E-03    0.50338E+01
    0.58124E-03    0.51308E+01
    0.59299E-03    0.52296E+01
    0.60496E-03    0.53302E+01
    0.61719E-03    0.54328E+01
    0.62965E-03    0.55372E+01
    0.64237E-03    0.56437E+01
    0.65535E-03    0.57522E+01
    0.66859E-03    0.58627E+01
    0.68210E-03    0.59752E+01
    0.69588E-03    0.60899E+01
    0.70993E-03    0.62068E+01
    0.72427E-03    0.63258E+01
    0.73891E-03    0.64471E+01
    0.75383E-03    0.65706E+01
    0.76906E-03    0.66964E+01
    0.78460E-03    0.68246E+01
    0.80045E-03    0.69551E+01
    0.81662E-03    0.70880E+01
    0.83311E-03    0.72235E+01
    0.84994E-03    0.73614E+01
    0.86711E-03    0.75018E+01
    0.88463E-03    0.76449E+01
    0.90250E-03    0.77906E+01
    0.92073E-03    0.79389E+01
    0.93933E-03    0.80900E+01
    0.95831E-03    0.82438E+01
    0.97767E-03    0.84003E+01
    0.99742E-03    0.85598E+01
    0.10176E-02    0.87221E+01
    0.10381E-02    0.88873E+01
    0.10591E-02    0.90556E+01
    0.10805E-02    0.92268E+01
    0.11023E-02    0.94011E+01
    0.11246E-02    0.95785E+01
    0.11473E-02    0.97590E+01
    0.11705E-02    0.99427E+01
    0.11941E-02    0.10130E+02
    0.12182E-02    0.10320E+02
    0.12429E-02    0.10513E+02
    0.12680E-02    0.10710E+02
    0.12936E-02    0.10911E+02
    0.13197E-02    0.11115E+02
    0.13464E-02    0.11322E+02
    0.13736E-02    0.11533E+02
    0.14013E-02    0.11747E+02
    0.14296E-02    0.11965E+02
    0.14585E-02    0.12187E+02
    0.14880E-02    0.12412E+02
    0.15180E-02    0.12641E+02
    0.15487E-02    0.12874E+02
    0.15800E-02    0.13111E+02
    0.16119E-02    0.13352E+02
    0.16445E-02    0.13596E+02
    0.16777E-02    0.13845E+02
    0.17116E-02    0.14097E+02
    0.17462E-02    0.14353E+02
    0.17814E-02    0.14614E+02
    0.18174E-02    0.14878E+02
    0.18541E-02    0.15147E+02
    0.18916E-02    0.15419E+02
    0.19298E-02    0.15696E+02
    0.19688E-02    0.15977E+02
    0.20086E-02    0.16262E+02
    0.20491E-02    0.16551E+02
    0.20905E-02    0.16845E+02
    0.21328E-02    0.17143E+02
    0.21758E-02    0.17445E+02
    0.22198E-02    0.17751E+02
    0.22646E-02    0.18061E+02
    0.23104E-02    0.18376E+02
    0.23571E-02    0.18695E+02
    0.24047E-02    0.19018E+02
    0.24533E-02    0.19345E+02
    0.25028E-02    0.19677E+02
    0.25534E-02    0.20013E+02
    0.26050E-02    0.20353E+02
    0.26576E-02    0.20697E+02
    0.27113E-02    0.21046E+02
    0.27660E-02    0.21398E+02
    0.28219E-02    0.21755E+02
    0.28789E-02    0.22116E+02
    0.29371E-02    0.22480E+02
    0.29964E-02    0.22849E+02
    0.30569E-02    0.23222E+02
    0.31187E-02    0.23599E+02
    0.31817E-02    0.23980E+02
    0.32460E-02    0.24364E+02
    0.33115E-02    0.24753E+02
    0.33784E-02    0.25145E+02
    0.34467E-02    0.25540E+02
    0.35163E-02    0.25940E+02
    0.35874E-02    0.26342E+02
    0.36598E-02    0.26749E+02
    0.37338E-02    0.27158E+02
    0.38092E-02    0.27571E+02
    0.38861E-02    0.27987E+02
    0.39646E-02    0.28407E+02
    0.40447E-02    0.28829E+02
    0.41264E-02    0.29254E+02
    0.42098E-02    0.29682E+02
    0.42948E-02    0.30113E+02
    0.43816E-02    0.30547E+02
    0.44701E-02    0.30983E+02
    0.45604E-02    0.31421E+02
    0.46525E-02    0.31861E+02
    0.47465E-02    0.32304E+02
    0.48424E-02    0.32749E+02
    0.49402E-02    0.33195E+02
    0.50400E-02    0.33643E+02
    0.51419E-02    0.34092E+02
    0.52457E-02    0.34543E+02
    0.53517E-02    0.34995E+02
    0.54598E-02    0.35448E+02
    0.55701E-02    0.35901E+02
    0.56826E-02    0.36359E+02
    0.57974E-02    0.36813E+02
    0.59145E-02    0.37267E+02
    0.60340E-02    0.37722E+02
    0.61559E-02    0.38175E+02
    0.62803E-02    0.38628E+02
    0.64072E-02    0.39080E+02
    0.65366E-02    0.39531E+02
    0.66686E-02    0.39980E+02
    0.68033E-02    0.40427E+02
    0.69408E-02    0.40872E+02
    0.70810E-02    0.41314E+02
    0.72240E-02    0.41753E+02
    0.73700E-02    0.42189E+02
    0.75189E-02    0.42621E+02
    0.76708E-02    0.43050E+02
    0.78257E-02    0.43474E+02
    0.79838E-02    0.43893E+02
    0.81451E-02    0.44308E+02
    0.83096E-02    0.44717E+02
    0.84775E-02    0.45120E+02
    0.86488E-02    0.45517E+02
    0.88235E-02    0.45907E+02
    0.90017E-02    0.46290E+02
    0.91836E-02    0.46665E+02
    0.93691E-02    0.47033E+02
    0.95583E-02    0.47391E+02
    0.97514E-02    0.47741E+02
    0.99484E-02    0.48081E+02
    0.10149E-01    0.48411E+02
    0.10354E-01    0.48730E+02
    0.10564E-01    0.49039E+02
    0.10777E-01    0.49335E+02
    0.10995E-01    0.49620E+02
    0.11217E-01    0.49892E+02
    0.11443E-01    0.50151E+02
    0.11675E-01    0.50396E+02
    0.11910E-01    0.50627E+02
    0.12151E-01    0.50843E+02
    0.12397E-01    0.51043E+02
    0.12647E-01    0.51227E+02
    0.12902E-01    0.51395E+02
    0.13163E-01    0.51545E+02
    0.13429E-01    0.51678E+02
    0.13700E-01    0.51792E+02
    0.13977E-01    0.51887E+02
    0.14259E-01    0.51963E+02
    0.14547E-01    0.52018E+02
    0.14841E-01    0.52053E+02
    0.15141E-01    0.52067E+02
    0.15447E-01    0.52060E+02
    0.15759E-01    0.52030E+02
    0.16077E-01    0.51977E+02
    0.16402E-01    0.51882E+02
    0.16734E-01    0.52034E+02
    0.17072E-01    0.51910E+02
    0.17416E-01    0.51776E+02
    0.17768E-01    0.51620E+02
    0.18127E-01    0.51439E+02
    0.18493E-01    0.51234E+02
    0.18867E-01    0.51004E+02
    0.19248E-01    0.50749E+02
    0.19637E-01    0.50469E+02
    0.20034E-01    0.50164E+02
    0.20438E-01    0.49834E+02
    0.20851E-01    0.49475E+02
    0.21272E-01    0.48977E+02
    0.21702E-01    0.48502E+02
    0.22141E-01    0.48065E+02
    0.22588E-01    0.47608E+02
    0.23044E-01    0.47127E+02
    0.23510E-01    0.46625E+02
    0.23985E-01    0.46101E+02
    0.24469E-01    0.45556E+02
    0.24964E-01    0.44991E+02
    0.25468E-01    0.44409E+02
    0.25982E-01    0.43853E+02
    0.26507E-01    0.43260E+02
    0.27043E-01    0.42626E+02
    0.27589E-01    0.41977E+02
    0.28146E-01    0.41315E+02
    0.28715E-01    0.40641E+02
    0.29295E-01    0.39957E+02
    0.29887E-01    0.39265E+02
    0.30490E-01    0.38567E+02
    0.31106E-01    0.37864E+02
    0.31735E-01    0.37158E+02
    0.32376E-01    0.36452E+02
    0.33030E-01    0.35746E+02
    0.33697E-01    0.35044E+02
    0.34378E-01    0.34347E+02
    0.35072E-01    0.33656E+02
    0.35781E-01    0.32966E+02
    0.36504E-01    0.32284E+02
    0.37241E-01    0.31615E+02
    0.37993E-01    0.30959E+02
    0.38761E-01    0.30320E+02
    0.39544E-01    0.29699E+02
    0.40343E-01    0.29097E+02
    0.41158E-01    0.28517E+02
    0.41989E-01    0.27959E+02
    0.42838E-01    0.27423E+02
    0.43703E-01    0.26910E+02
    0.44586E-01    0.26420E+02
    0.45486E-01    0.25953E+02
    0.46405E-01    0.25508E+02
    0.47343E-01    0.25083E+02
    0.48299E-01    0.24679E+02
    0.49275E-01    0.24293E+02
    0.50270E-01    0.23923E+02
    0.51286E-01    0.23569E+02
    0.52322E-01    0.23229E+02
    0.53379E-01    0.22900E+02
    0.54457E-01    0.22581E+02
    0.55557E-01    0.22270E+02
    0.56680E-01    0.21961E+02
    0.57825E-01    0.21712E+02
    0.58993E-01    0.21416E+02
    0.60184E-01    0.21120E+02
    0.61400E-01    0.20818E+02
    0.62641E-01    0.20506E+02
    0.63906E-01    0.20180E+02
    0.65197E-01    0.19838E+02
    0.66514E-01    0.19475E+02
    0.67858E-01    0.19090E+02
    0.69229E-01    0.18681E+02
    0.70627E-01    0.18248E+02
    0.72054E-01    0.17790E+02
    0.73510E-01    0.17310E+02
    0.74994E-01    0.16809E+02
    0.76509E-01    0.16293E+02
    0.78055E-01    0.15764E+02
    0.79632E-01    0.15227E+02
    0.81241E-01    0.14687E+02
    0.82882E-01    0.14149E+02
    0.84556E-01    0.13618E+02
    0.86264E-01    0.13099E+02
    0.88007E-01    0.12595E+02
    0.89785E-01    0.12113E+02
    0.91598E-01    0.11655E+02
    0.93449E-01    0.11227E+02
    0.95337E-01    0.10831E+02
    0.97263E-01    0.10469E+02
    0.99227E-01    0.10144E+02
    0.10123E+00    0.98543E+01
    0.10328E+00    0.95995E+01
    0.10536E+00    0.93764E+01
    0.10749E+00    0.91809E+01
    0.10966E+00    0.90077E+01
    0.11188E+00    0.88506E+01
    0.11414E+00    0.87026E+01
    0.11644E+00    0.85565E+01
    0.11880E+00    0.84047E+01
    0.12120E+00    0.82401E+01
    0.12365E+00    0.80570E+01
    0.12614E+00    0.78511E+01
    0.12869E+00    0.76210E+01
    0.13129E+00    0.73679E+01
    0.13394E+00    0.70952E+01
    0.13665E+00    0.68086E+01
    0.13941E+00    0.65143E+01
    0.14223E+00    0.62194E+01
    0.14510E+00    0.59311E+01
    0.14803E+00    0.56565E+01
    0.15102E+00    0.54024E+01
    0.15407E+00    0.51744E+01
    0.15718E+00    0.49760E+01
    0.16036E+00    0.48076E+01
    0.16360E+00    0.46665E+01
    0.16690E+00    0.45476E+01
    0.17028E+00    0.44441E+01
    0.17371E+00    0.43491E+01
    0.17722E+00    0.42554E+01
    0.18080E+00    0.41561E+01
    0.18446E+00    0.40452E+01
    0.18818E+00    0.39189E+01
    0.19198E+00    0.37767E+01
    0.19586E+00    0.36217E+01
    0.19982E+00    0.34596E+01
    0.20386E+00    0.32969E+01
    0.20797E+00    0.31402E+01
    0.21218E+00    0.29956E+01
    0.21646E+00    0.28676E+01
    0.22083E+00    0.27584E+01
    0.22530E+00    0.26669E+01
    0.22985E+00    0.25888E+01
    0.23449E+00    0.25181E+01
    0.23923E+00    0.24487E+01
    0.24406E+00    0.23758E+01
    0.24899E+00    0.22962E+01
    0.25402E+00    0.22087E+01
    0.25915E+00    0.21151E+01
    0.26439E+00    0.20193E+01
    0.26973E+00    0.19266E+01
    0.27518E+00    0.18413E+01
    0.28074E+00    0.17656E+01
    0.28641E+00    0.16995E+01
    0.29219E+00    0.16411E+01
    0.29810E+00    0.15874E+01
    0.30412E+00    0.15345E+01
    0.31026E+00    0.14794E+01
    0.31653E+00    0.14211E+01
    0.32292E+00    0.13608E+01
    0.32945E+00    0.13009E+01
    0.33610E+00    0.12442E+01
    0.34289E+00    0.11923E+01
    0.34982E+00    0.11455E+01
    0.35689E+00    0.11028E+01
    0.36409E+00    0.10621E+01
    0.37145E+00    0.10216E+01
    0.37895E+00    0.98055E+00
    0.38661E+00    0.93921E+00
    0.39442E+00    0.89877E+00
    0.40239E+00    0.86057E+00
    0.41052E+00    0.82514E+00
    0.41881E+00    0.79222E+00
    0.42727E+00    0.76090E+00
    0.43590E+00    0.73022E+00
    0.44471E+00    0.69989E+00
    0.45369E+00    0.67015E+00
    0.46286E+00    0.64156E+00
    0.47221E+00    0.61459E+00
    0.48174E+00    0.58912E+00
    0.49148E+00    0.56482E+00
    0.50141E+00    0.54127E+00
    0.51153E+00    0.51830E+00
    0.52187E+00    0.49614E+00
    0.53241E+00    0.47494E+00
    0.54317E+00    0.45479E+00
    0.55414E+00    0.43554E+00
    0.56533E+00    0.41700E+00
    0.57675E+00    0.39909E+00
    0.58840E+00    0.38187E+00
    0.60029E+00    0.36540E+00
    0.61242E+00    0.34966E+00
    0.62479E+00    0.33457E+00
    0.63741E+00    0.32006E+00
    0.65029E+00    0.30613E+00
    0.66342E+00    0.29279E+00
    0.67683E+00    0.28001E+00
    0.69050E+00    0.26778E+00
    0.70445E+00    0.25604E+00
    0.71868E+00    0.24479E+00
    0.73320E+00    0.23401E+00
    0.74801E+00    0.22369E+00
    0.76312E+00    0.21380E+00
    0.77854E+00    0.20433E+00
    0.79426E+00    0.19526E+00
    0.81031E+00    0.18658E+00
    0.82668E+00    0.17826E+00
    0.84338E+00    0.17030E+00
    0.86041E+00    0.16268E+00
    0.87780E+00    0.15539E+00
    0.89553E+00    0.14841E+00
    0.91362E+00    0.14173E+00
    0.93208E+00    0.13535E+00
    0.95091E+00    0.12924E+00
    0.97011E+00    0.12339E+00
    0.98971E+00    0.11780E+00
    0.10097E+01    0.11245E+00
    0.10301E+01    0.10734E+00
    0.10509E+01    0.10245E+00
    0.10721E+01    0.97772E-01
    0.10938E+01    0.93303E-01
    0.11159E+01    0.89031E-01
    0.11384E+01    0.84948E-01
    0.11614E+01    0.81047E-01
    0.11849E+01    0.77318E-01
    0.12088E+01    0.73756E-01
    0.12333E+01    0.70352E-01
    0.12582E+01    0.67100E-01
    0.12836E+01    0.63994E-01
    0.13095E+01    0.61026E-01
    0.13360E+01    0.58192E-01
    0.13630E+01    0.55486E-01
    0.13905E+01    0.52902E-01
    0.14186E+01    0.50434E-01
    0.14472E+01    0.48079E-01
    0.14765E+01    0.45830E-01
    0.15063E+01    0.43683E-01
    0.15367E+01    0.41634E-01
    0.15678E+01    0.39678E-01
    0.15994E+01    0.37812E-01
    0.16318E+01    0.36031E-01
    0.16647E+01    0.34332E-01
    0.16984E+01    0.32710E-01
    0.17327E+01    0.31163E-01
    0.17677E+01    0.29687E-01
    0.18034E+01    0.28280E-01
    0.18398E+01    0.26937E-01
    0.18770E+01    0.25657E-01
    0.19149E+01    0.24436E-01
    0.19536E+01    0.23271E-01
    0.19930E+01    0.22161E-01
    0.20333E+01    0.21103E-01
    0.20744E+01    0.20093E-01
    0.21163E+01    0.19131E-01
    0.21590E+01    0.18214E-01
    0.22026E+01    0.17340E-01
    0.22471E+01    0.16507E-01
    0.22925E+01    0.15713E-01
    0.23388E+01    0.14956E-01
    0.23861E+01    0.14235E-01
    0.24343E+01    0.13548E-01
    0.24835E+01    0.12893E-01
    0.25336E+01    0.12269E-01
    0.25848E+01    0.11675E-01
    0.26370E+01    0.11109E-01
    0.26903E+01    0.10570E-01
    0.27447E+01    0.10057E-01
    0.28001E+01    0.95675E-02
    0.28567E+01    0.91017E-02
    0.29144E+01    0.86582E-02
    0.29733E+01    0.82358E-02
    0.30333E+01    0.78337E-02
    0.30946E+01    0.74508E-02
    0.31571E+01    0.70863E-02
    0.32209E+01    0.67392E-02
    0.32860E+01    0.64089E-02
    0.33523E+01    0.60944E-02
    0.34201E+01    0.57951E-02
    0.34892E+01    0.55102E-02
    0.35596E+01    0.52390E-02
    0.36316E+01    0.49810E-02
    0.37049E+01    0.47355E-02
    0.37798E+01    0.45018E-02
    0.38561E+01    0.42795E-02
    0.39340E+01    0.40680E-02
    0.40135E+01    0.38667E-02
    0.40946E+01    0.36752E-02
    0.41773E+01    0.34931E-02
    0.42617E+01    0.33198E-02
    0.43478E+01    0.31550E-02
    0.44356E+01    0.29983E-02
    0.45252E+01    0.28492E-02
    0.46166E+01    0.27074E-02
    0.47099E+01    0.25725E-02
    0.48050E+01    0.24443E-02
    0.49021E+01    0.23223E-02
    0.50011E+01    0.22064E-02
    0.51021E+01    0.20961E-02
    0.52052E+01    0.19913E-02
    0.53104E+01    0.18916E-02
    0.54176E+01    0.17969E-02
    0.55271E+01    0.17068E-02
    0.56387E+01    0.16212E-02
    0.57526E+01    0.15398E-02
    0.58689E+01    0.14624E-02
    0.59874E+01    0.13889E-02
    0.61084E+01    0.13190E-02
    0.62318E+01    0.12526E-02
    0.63577E+01    0.11895E-02
    0.64861E+01    0.11295E-02
    0.66171E+01    0.10725E-02
    0.67508E+01    0.10184E-02
    0.68872E+01    0.96691E-03
    0.70263E+01    0.91801E-03
    0.71682E+01    0.87156E-03
    0.73130E+01    0.82743E-03
    0.74608E+01    0.78550E-03
    0.76115E+01    0.74567E-03
    0.77653E+01    0.70784E-03
    0.79221E+01    0.67190E-03
    0.80822E+01    0.63777E-03
    0.82454E+01    0.60534E-03
    0.84120E+01    0.57455E-03
    0.85819E+01    0.54530E-03
    0.87553E+01    0.51753E-03
    0.89322E+01    0.49115E-03
    0.91126E+01    0.46610E-03
    0.92967E+01    0.44231E-03
    0.94845E+01    0.41973E-03
    0.96761E+01    0.39828E-03
    0.98716E+01    0.37792E-03
    0.10071E+02    0.35858E-03
    0.10274E+02    0.34023E-03
    0.10482E+02    0.32280E-03
    0.10694E+02    0.30626E-03
    0.10910E+02    0.29055E-03
    0.11130E+02    0.27565E-03
    0.11355E+02    0.26149E-03
    0.11584E+02    0.24806E-03
    0.11818E+02    0.23531E-03
    0.12057E+02    0.22321E-03
    0.12301E+02    0.21172E-03
    0.12549E+02    0.20082E-03
    0.12803E+02    0.19048E-03
    0.13061E+02    0.18066E-03
    0.13325E+02    0.17134E-03
    0.13594E+02    0.16250E-03
    0.13869E+02    0.15411E-03
    0.14149E+02    0.14615E-03
    0.14435E+02    0.13860E-03
    0.14727E+02    0.13143E-03
    0.15024E+02    0.12463E-03
    0.15328E+02    0.11818E-03
    0.15637E+02    0.11206E-03
    0.15953E+02    0.10626E-03
    0.16275E+02    0.10075E-03
    0.16604E+02    0.95522E-04
    0.16940E+02    0.90564E-04
    0.17282E+02    0.85862E-04
    0.17631E+02    0.81402E-04
    0.17987E+02    0.77171E-04
    0.18351E+02    0.73159E-04
    0.18721E+02    0.69353E-04
    0.19099E+02    0.65743E-04
    0.19485E+02    0.62319E-04
    0.19879E+02    0.59073E-04
    0.20280E+02    0.55993E-04
    0.20690E+02    0.53073E-04
    0.21108E+02    0.50304E-04
    0.21535E+02    0.47679E-04
    0.21970E+02    0.45189E-04
    0.22413E+02    0.42828E-04
    0.22866E+02    0.40589E-04
    0.23328E+02    0.38466E-04
    0.23799E+02    0.36454E-04
    0.24280E+02    0.34546E-04
    0.24771E+02    0.32737E-04
    0.25271E+02    0.31022E-04
    0.25782E+02    0.29396E-04
    0.26302E+02    0.27854E-04
    0.26834E+02    0.26393E-04
    0.27376E+02    0.25008E-04
    0.27929E+02    0.23695E-04
    0.28493E+02    0.22450E-04
    0.29069E+02    0.21270E-04
    0.29656E+02    0.20152E-04
    0.30255E+02    0.19092E-04
    0.30866E+02    0.18087E-04
    0.31490E+02    0.17135E-04
    0.32126E+02    0.16233E-04
    0.32775E+02    0.15377E-04
    0.33437E+02    0.14567E-04
    0.34112E+02    0.13798E-04
    0.34801E+02    0.13070E-04
    0.35504E+02    0.12381E-04
    0.36222E+02    0.11727E-04
    0.36953E+02    0.11107E-04
    0.37700E+02    0.10520E-04
    0.38462E+02    0.99641E-05
    0.39239E+02    0.94371E-05
    0.40031E+02    0.89377E-05
    0.40840E+02    0.84646E-05
    0.41665E+02    0.80163E-05
    0.42507E+02    0.75916E-05
    0.43365E+02    0.71892E-05
    0.44241E+02    0.68079E-05
    0.45135E+02    0.64468E-05
    0.46047E+02    0.61046E-05
    0.46977E+02    0.57805E-05
    0.47926E+02    0.54734E-05
    0.48894E+02    0.51826E-05
    0.49882E+02    0.49071E-05
    0.50890E+02    0.46461E-05
    0.51918E+02    0.43989E-05
    0.52966E+02    0.41647E-05
    0.54036E+02    0.39429E-05
    0.55128E+02    0.37328E-05
    0.56242E+02    0.35339E-05
    0.57378E+02    0.33454E-05
    0.58537E+02    0.31670E-05
    0.59720E+02    0.29979E-05
    0.60926E+02    0.28379E-05
    0.62157E+02    0.26863E-05
    0.63412E+02    0.25427E-05
    0.64693E+02    0.24067E-05
    0.66000E+02    0.22780E-05
    0.67334E+02    0.21561E-05
    0.68694E+02    0.20406E-05
    0.70082E+02    0.19313E-05
    0.71497E+02    0.18278E-05
    0.72942E+02    0.17298E-05
    0.74415E+02    0.16370E-05
    0.75918E+02    0.15492E-05
    0.77452E+02    0.14660E-05
    0.79017E+02    0.13872E-05
    0.80613E+02    0.13126E-05
    0.82241E+02    0.12421E-05
    0.83903E+02    0.11752E-05
    0.85598E+02    0.11120E-05
    0.87327E+02    0.10521E-05
    0.89091E+02    0.99536E-06
    0.90891E+02    0.94169E-06
    0.92727E+02    0.89088E-06
    0.94600E+02    0.84279E-06
    0.96511E+02    0.79726E-06
    0.98461E+02    0.75417E-06
    0.10045E+03    0.71339E-06
    0.10248E+03    0.67478E-06
    0.10455E+03    0.63825E-06
    0.10666E+03    0.60367E-06
    0.10882E+03    0.57094E-06
    0.11101E+03    0.53997E-06
    0.11326E+03    0.51065E-06
    0.11554E+03    0.48291E-06
    0.11788E+03    0.45666E-06
    0.12026E+03    0.43182E-06
    0.12269E+03    0.40831E-06
    0.12517E+03    0.38607E-06
    0.12770E+03    0.36502E-06
    0.13028E+03    0.34510E-06
    0.13291E+03    0.32626E-06
    0.13559E+03    0.30843E-06
    0.13833E+03    0.29156E-06
    0.14113E+03    0.27560E-06
    0.14398E+03    0.26050E-06
    0.14689E+03    0.24622E-06
    0.14985E+03    0.23270E-06
    0.15288E+03    0.21992E-06
    0.15597E+03    0.20783E-06
    0.15912E+03    0.19639E-06
    0.16233E+03    0.18557E-06
    0.16561E+03    0.17533E-06
    0.16896E+03    0.16566E-06
    0.17237E+03    0.15650E-06
    0.17585E+03    0.14784E-06
    0.17941E+03    0.13965E-06
    0.18303E+03    0.13191E-06
    0.18673E+03    0.12459E-06
    0.19050E+03    0.11766E-06
    0.19435E+03    0.11111E-06
    0.19828E+03    0.10492E-06
