  1020.00   0.62074932E-01
  1019.00   0.61346026E-01
  1018.00   0.60623912E-01
  1017.00   0.59908556E-01
  1016.00   0.59199923E-01
  1015.00   0.58497978E-01
  1014.00   0.57802685E-01
  1013.00   0.57114010E-01
  1012.00   0.56431917E-01
  1011.00   0.55756371E-01
  1010.00   0.55087335E-01
  1009.00   0.54424775E-01
  1008.00   0.53768652E-01
  1007.00   0.53118933E-01
  1006.00   0.52475579E-01
  1005.00   0.51838555E-01
  1004.00   0.51207824E-01
  1003.00   0.50583350E-01
  1002.00   0.49965094E-01
  1001.00   0.49353021E-01
  1000.00   0.48747093E-01
   999.00   0.48147273E-01
   998.00   0.47553523E-01
   997.00   0.46965807E-01
   996.00   0.46384087E-01
   995.00   0.45808324E-01
   994.00   0.45238482E-01
   993.00   0.44674523E-01
   992.00   0.44116408E-01
   991.00   0.43564100E-01
   990.00   0.43017562E-01
   989.00   0.42476754E-01
   988.00   0.41941639E-01
   987.00   0.41412178E-01
   986.00   0.40888334E-01
   985.00   0.40370069E-01
   984.00   0.39857343E-01
   983.00   0.39350119E-01
   982.00   0.38848359E-01
   981.00   0.38352023E-01
   980.00   0.37861075E-01
   979.00   0.37375474E-01
   978.00   0.36895184E-01
   977.00   0.36420165E-01
   976.00   0.35950380E-01
   975.00   0.35485789E-01
   974.00   0.35026355E-01
   973.00   0.34572039E-01
   972.00   0.34122803E-01
   971.00   0.33678608E-01
   970.00   0.33239416E-01
   969.00   0.32805189E-01
   968.00   0.32375889E-01
   967.00   0.31951477E-01
   966.00   0.31531915E-01
   965.00   0.31117165E-01
   964.00   0.30707189E-01
   963.00   0.30301949E-01
   962.00   0.29901407E-01
   961.00   0.29505525E-01
   960.00   0.29114266E-01
   959.00   0.28727590E-01
   958.00   0.28345461E-01
   957.00   0.27967841E-01
   956.00   0.27594693E-01
   955.00   0.27225978E-01
   954.00   0.26861660E-01
   953.00   0.26501700E-01
   952.00   0.26146063E-01
   951.00   0.25794710E-01
   950.00   0.25447605E-01
   949.00   0.25104710E-01
   948.00   0.24765989E-01
   947.00   0.24431405E-01
   946.00   0.24100921E-01
   945.00   0.23774500E-01
   944.00   0.23452107E-01
   943.00   0.23133705E-01
   942.00   0.22819257E-01
   941.00   0.22508728E-01
   940.00   0.22202081E-01
   939.00   0.21899281E-01
   938.00   0.21600292E-01
   937.00   0.21305078E-01
   936.00   0.21013604E-01
   935.00   0.20725834E-01
   934.00   0.20441734E-01
   933.00   0.20161268E-01
   932.00   0.19884401E-01
   931.00   0.19611098E-01
   930.00   0.19341325E-01
   929.00   0.19075048E-01
   928.00   0.18812231E-01
   927.00   0.18552841E-01
   926.00   0.18296844E-01
   925.00   0.18044205E-01
   924.00   0.17794892E-01
   923.00   0.17548870E-01
   922.00   0.17306106E-01
   921.00   0.17066567E-01
   920.00   0.16830219E-01
   919.00   0.16597030E-01
   918.00   0.16366967E-01
   917.00   0.16139997E-01
   916.00   0.15916088E-01
   915.00   0.15695208E-01
   914.00   0.15477324E-01
   913.00   0.15262405E-01
   912.00   0.15050419E-01
   911.00   0.14841333E-01
   910.00   0.14635118E-01
   909.00   0.14431742E-01
   908.00   0.14231173E-01
   907.00   0.14033380E-01
   906.00   0.13838334E-01
   905.00   0.13646003E-01
   904.00   0.13456358E-01
   903.00   0.13269368E-01
   902.00   0.13085002E-01
   901.00   0.12903233E-01
   900.00   0.12724029E-01
   899.00   0.12547361E-01
   898.00   0.12373201E-01
   897.00   0.12201520E-01
   896.00   0.12032287E-01
   895.00   0.11865476E-01
   894.00   0.11701057E-01
   893.00   0.11539002E-01
   892.00   0.11379283E-01
   891.00   0.11221873E-01
   890.00   0.11066743E-01
   889.00   0.10913867E-01
   888.00   0.10763216E-01
   887.00   0.10614765E-01
   886.00   0.10468485E-01
   885.00   0.10324351E-01
   884.00   0.10182335E-01
   883.00   0.10042413E-01
   882.00   0.99045565E-02
   881.00   0.97687410E-02
   880.00   0.96349404E-02
   879.00   0.95031295E-02
   878.00   0.93732827E-02
   877.00   0.92453752E-02
   876.00   0.91193819E-02
   875.00   0.89952783E-02
   874.00   0.88730399E-02
   873.00   0.87526423E-02
   872.00   0.86340616E-02
   871.00   0.85172739E-02
   870.00   0.84022555E-02
   869.00   0.82889830E-02
   868.00   0.81774330E-02
   867.00   0.80675826E-02
   866.00   0.79594089E-02
   865.00   0.78528893E-02
   864.00   0.77480012E-02
   863.00   0.76447226E-02
   862.00   0.75430312E-02
   861.00   0.74429053E-02
   860.00   0.73443233E-02
   859.00   0.72472636E-02
   858.00   0.71517052E-02
   857.00   0.70576269E-02
   856.00   0.69650080E-02
   855.00   0.68738278E-02
   854.00   0.67840659E-02
   853.00   0.66957020E-02
   852.00   0.66087162E-02
   851.00   0.65230887E-02
   850.00   0.64388000E-02
   849.00   0.63558312E-02
   848.00   0.62741625E-02
   847.00   0.61937747E-02
   846.00   0.61146492E-02
   845.00   0.60367672E-02
   844.00   0.59601104E-02
   843.00   0.58846605E-02
   842.00   0.58103996E-02
   841.00   0.57373097E-02
   840.00   0.56653734E-02
   839.00   0.55945732E-02
   838.00   0.55248918E-02
   837.00   0.54563122E-02
   836.00   0.53888176E-02
   835.00   0.53223913E-02
   834.00   0.52570170E-02
   833.00   0.51926783E-02
   832.00   0.51293593E-02
   831.00   0.50670439E-02
   830.00   0.50057166E-02
   829.00   0.49453619E-02
   828.00   0.48859645E-02
   827.00   0.48275093E-02
   826.00   0.47699813E-02
   825.00   0.47133659E-02
   824.00   0.46576486E-02
   823.00   0.46028148E-02
   822.00   0.45488506E-02
   821.00   0.44957418E-02
   820.00   0.44434748E-02
   819.00   0.43920358E-02
   818.00   0.43414115E-02
   817.00   0.42915886E-02
   816.00   0.42425540E-02
   815.00   0.41942948E-02
   814.00   0.41467983E-02
   813.00   0.41000520E-02
   812.00   0.40540434E-02
   811.00   0.40087604E-02
   810.00   0.39641909E-02
   809.00   0.39203231E-02
   808.00   0.38771453E-02
   807.00   0.38346460E-02
   806.00   0.37928138E-02
   805.00   0.37516375E-02
   804.00   0.37111062E-02
   803.00   0.36712089E-02
   802.00   0.36319350E-02
   801.00   0.35932740E-02
   800.00   0.35552153E-02
   799.00   0.35177489E-02
   798.00   0.34808647E-02
   797.00   0.34445527E-02
   796.00   0.34088032E-02
   795.00   0.33736065E-02
   794.00   0.33389534E-02
   793.00   0.33048343E-02
   792.00   0.32712402E-02
   791.00   0.32381620E-02
   790.00   0.32055910E-02
   789.00   0.31735182E-02
   788.00   0.31419353E-02
   787.00   0.31108336E-02
   786.00   0.30802050E-02
   785.00   0.30500411E-02
   784.00   0.30203341E-02
   783.00   0.29910759E-02
   782.00   0.29622588E-02
   781.00   0.29338752E-02
   780.00   0.29059174E-02
   779.00   0.28783783E-02
   778.00   0.28512504E-02
   777.00   0.28245266E-02
   776.00   0.27981999E-02
   775.00   0.27722634E-02
   774.00   0.27467103E-02
   773.00   0.27215340E-02
   772.00   0.26967278E-02
   771.00   0.26722854E-02
   770.00   0.26482004E-02
   769.00   0.26244666E-02
   768.00   0.26010779E-02
   767.00   0.25780283E-02
   766.00   0.25553118E-02
   765.00   0.25329228E-02
   764.00   0.25108555E-02
   763.00   0.24891043E-02
   762.00   0.24676638E-02
   761.00   0.24465285E-02
   760.00   0.24256931E-02
   759.00   0.24051525E-02
   758.00   0.23849015E-02
   757.00   0.23649352E-02
   756.00   0.23452485E-02
   755.00   0.23258368E-02
   754.00   0.23066951E-02
   753.00   0.22878190E-02
   752.00   0.22692037E-02
   751.00   0.22508448E-02
   750.00   0.22327379E-02
   749.00   0.22148786E-02
   748.00   0.21972628E-02
   747.00   0.21798862E-02
   746.00   0.21627447E-02
   745.00   0.21458344E-02
   744.00   0.21291512E-02
   743.00   0.21126913E-02
   742.00   0.20964509E-02
   741.00   0.20804263E-02
   740.00   0.20646138E-02
   739.00   0.20490097E-02
   738.00   0.20336107E-02
   737.00   0.20184132E-02
   736.00   0.20034138E-02
   735.00   0.19886091E-02
   734.00   0.19739960E-02
   733.00   0.19595712E-02
   732.00   0.19453315E-02
   731.00   0.19312739E-02
   730.00   0.19173952E-02
   729.00   0.19036926E-02
   728.00   0.18901631E-02
   727.00   0.18768039E-02
   726.00   0.18636120E-02
   725.00   0.18505848E-02
   724.00   0.18377196E-02
   723.00   0.18250136E-02
   722.00   0.18124643E-02
   721.00   0.18000691E-02
   720.00   0.17878254E-02
   719.00   0.17757309E-02
   718.00   0.17637831E-02
   717.00   0.17519795E-02
   716.00   0.17403180E-02
   715.00   0.17287961E-02
   714.00   0.17174116E-02
   713.00   0.17061624E-02
   712.00   0.16950462E-02
   711.00   0.16840610E-02
   710.00   0.16732046E-02
   709.00   0.16624750E-02
   708.00   0.16518701E-02
   707.00   0.16413881E-02
   706.00   0.16310270E-02
   705.00   0.16207848E-02
   704.00   0.16106597E-02
   703.00   0.16006499E-02
   702.00   0.15907536E-02
   701.00   0.15809690E-02
   700.00   0.15712944E-02
   699.00   0.15617280E-02
   698.00   0.15522682E-02
   697.00   0.15429134E-02
   696.00   0.15336619E-02
   695.00   0.15245122E-02
   694.00   0.15154628E-02
   693.00   0.15065120E-02
   692.00   0.14976584E-02
   691.00   0.14889005E-02
   690.00   0.14802369E-02
   689.00   0.14716662E-02
   688.00   0.14631870E-02
   687.00   0.14547978E-02
   686.00   0.14464975E-02
   685.00   0.14382846E-02
   684.00   0.14301578E-02
   683.00   0.14221159E-02
   682.00   0.14141577E-02
   681.00   0.14062818E-02
   680.00   0.13984872E-02
   679.00   0.13907726E-02
   678.00   0.13831368E-02
   677.00   0.13755788E-02
   676.00   0.13680973E-02
   675.00   0.13606914E-02
   674.00   0.13533598E-02
   673.00   0.13461016E-02
   672.00   0.13389157E-02
   671.00   0.13318011E-02
   670.00   0.13247567E-02
   669.00   0.13177816E-02
   668.00   0.13108749E-02
   667.00   0.13040354E-02
   666.00   0.12972624E-02
   665.00   0.12905548E-02
   664.00   0.12839118E-02
   663.00   0.12773325E-02
   662.00   0.12708160E-02
   661.00   0.12643614E-02
   660.00   0.12579679E-02
   659.00   0.12516347E-02
   658.00   0.12453609E-02
   657.00   0.12391457E-02
   656.00   0.12329883E-02
   655.00   0.12268880E-02
   654.00   0.12208440E-02
   653.00   0.12148556E-02
   652.00   0.12089219E-02
   651.00   0.12030423E-02
   650.00   0.11972161E-02
   649.00   0.11914425E-02
   648.00   0.11857209E-02
   647.00   0.11800505E-02
   646.00   0.11744308E-02
   645.00   0.11688610E-02
   644.00   0.11633405E-02
   643.00   0.11578687E-02
   642.00   0.11524449E-02
   641.00   0.11470685E-02
   640.00   0.11417390E-02
   639.00   0.11364557E-02
   638.00   0.11312180E-02
   637.00   0.11260253E-02
   636.00   0.11208771E-02
   635.00   0.11157729E-02
   634.00   0.11107120E-02
   633.00   0.11056940E-02
   632.00   0.11007182E-02
   631.00   0.10957843E-02
   630.00   0.10908916E-02
   629.00   0.10860396E-02
   628.00   0.10812279E-02
   627.00   0.10764560E-02
   626.00   0.10717233E-02
   625.00   0.10670294E-02
   624.00   0.10623739E-02
   623.00   0.10577562E-02
   622.00   0.10531759E-02
   621.00   0.10486326E-02
   620.00   0.10441258E-02
   619.00   0.10396551E-02
   618.00   0.10352200E-02
   617.00   0.10308202E-02
   616.00   0.10264552E-02
   615.00   0.10221246E-02
   614.00   0.10178280E-02
   613.00   0.10135651E-02
   612.00   0.10093353E-02
   611.00   0.10051384E-02
   610.00   0.10009740E-02
   609.00   0.99684160E-03
   608.00   0.99274095E-03
   607.00   0.98867166E-03
   606.00   0.98463336E-03
   605.00   0.98062571E-03
   604.00   0.97664835E-03
   603.00   0.97270096E-03
   602.00   0.96878319E-03
   601.00   0.96489471E-03
   600.00   0.96103519E-03
   599.00   0.95720431E-03
   598.00   0.95340176E-03
   597.00   0.94962722E-03
   596.00   0.94588038E-03
   595.00   0.94216094E-03
   594.00   0.93846860E-03
   593.00   0.93480306E-03
   592.00   0.93116404E-03
   591.00   0.92755124E-03
   590.00   0.92396439E-03
   589.00   0.92040320E-03
   588.00   0.91686740E-03
   587.00   0.91335671E-03
   586.00   0.90987088E-03
   585.00   0.90640963E-03
   584.00   0.90297272E-03
   583.00   0.89955987E-03
   582.00   0.89617083E-03
   581.00   0.89280537E-03
   580.00   0.88946323E-03
   579.00   0.88614416E-03
   578.00   0.88284794E-03
   577.00   0.87957432E-03
   576.00   0.87632307E-03
   575.00   0.87309396E-03
   574.00   0.86988677E-03
   573.00   0.86670126E-03
   572.00   0.86353723E-03
   571.00   0.86039444E-03
   570.00   0.85727270E-03
   569.00   0.85417177E-03
   568.00   0.85109147E-03
   567.00   0.84803157E-03
   566.00   0.84499188E-03
   565.00   0.84197219E-03
   564.00   0.83897231E-03
   563.00   0.83599204E-03
   562.00   0.83303119E-03
   561.00   0.83008956E-03
   560.00   0.82716697E-03
   559.00   0.82426323E-03
   558.00   0.82137816E-03
   557.00   0.81851158E-03
   556.00   0.81566331E-03
   555.00   0.81283316E-03
   554.00   0.81002098E-03
   553.00   0.80722658E-03
   552.00   0.80444979E-03
   551.00   0.80169045E-03
   550.00   0.79894839E-03
   549.00   0.79622345E-03
   548.00   0.79351547E-03
   547.00   0.79082428E-03
   546.00   0.78814973E-03
   545.00   0.78549166E-03
   544.00   0.78284992E-03
   543.00   0.78022436E-03
   542.00   0.77761483E-03
   541.00   0.77502118E-03
   540.00   0.77244325E-03
   539.00   0.76988092E-03
   538.00   0.76733403E-03
   537.00   0.76480244E-03
   536.00   0.76228602E-03
   535.00   0.75978463E-03
   534.00   0.75729812E-03
   533.00   0.75482637E-03
   532.00   0.75236925E-03
   531.00   0.74992661E-03
   530.00   0.74749834E-03
   529.00   0.74508430E-03
   528.00   0.74268436E-03
   527.00   0.74029841E-03
   526.00   0.73792631E-03
   525.00   0.73556795E-03
   524.00   0.73322321E-03
   523.00   0.73089196E-03
   522.00   0.72857408E-03
   521.00   0.72626946E-03
   520.00   0.72397799E-03
   519.00   0.72169955E-03
   518.00   0.71943403E-03
   517.00   0.71718131E-03
   516.00   0.71494128E-03
   515.00   0.71271384E-03
   514.00   0.71049888E-03
   513.00   0.70829629E-03
   512.00   0.70610597E-03
   511.00   0.70392781E-03
   510.00   0.70176171E-03
   509.00   0.69960757E-03
   508.00   0.69746528E-03
   507.00   0.69533475E-03
   506.00   0.69321587E-03
   505.00   0.69110856E-03
   504.00   0.68901271E-03
   503.00   0.68692823E-03
   502.00   0.68485503E-03
   501.00   0.68279300E-03
   500.00   0.68074207E-03
   499.00   0.67870213E-03
   498.00   0.67667310E-03
   497.00   0.67465488E-03
   496.00   0.67264740E-03
   495.00   0.67065056E-03
   494.00   0.66866427E-03
   493.00   0.66668846E-03
   492.00   0.66472303E-03
   491.00   0.66276790E-03
   490.00   0.66082299E-03
   489.00   0.65888822E-03
   488.00   0.65696350E-03
   487.00   0.65504876E-03
   486.00   0.65314391E-03
   485.00   0.65124889E-03
   484.00   0.64936360E-03
   483.00   0.64748797E-03
   482.00   0.64562193E-03
   481.00   0.64376540E-03
   480.00   0.64191831E-03
   479.00   0.64008058E-03
   478.00   0.63825214E-03
   477.00   0.63643291E-03
   476.00   0.63462283E-03
   475.00   0.63282183E-03
   474.00   0.63102983E-03
   473.00   0.62924676E-03
   472.00   0.62747256E-03
   471.00   0.62570716E-03
   470.00   0.62395048E-03
   469.00   0.62220247E-03
   468.00   0.62046306E-03
   467.00   0.61873218E-03
   466.00   0.61700977E-03
   465.00   0.61529576E-03
   464.00   0.61359009E-03
   463.00   0.61189270E-03
   462.00   0.61020352E-03
   461.00   0.60852249E-03
   460.00   0.60684956E-03
   459.00   0.60518465E-03
   458.00   0.60352772E-03
   457.00   0.60187870E-03
   456.00   0.60023753E-03
   455.00   0.59860416E-03
   454.00   0.59697853E-03
   453.00   0.59536057E-03
   452.00   0.59375024E-03
   451.00   0.59214748E-03
   450.00   0.59055223E-03
   449.00   0.58896444E-03
   448.00   0.58738405E-03
   447.00   0.58581101E-03
   446.00   0.58424527E-03
   445.00   0.58268676E-03
   444.00   0.58113545E-03
   443.00   0.57959128E-03
   442.00   0.57805420E-03
   441.00   0.57652415E-03
   440.00   0.57500109E-03
   439.00   0.57348496E-03
   438.00   0.57197572E-03
   437.00   0.57047332E-03
   436.00   0.56897770E-03
   435.00   0.56748883E-03
   434.00   0.56600664E-03
   433.00   0.56453111E-03
   432.00   0.56306217E-03
   431.00   0.56159978E-03
   430.00   0.56014390E-03
   429.00   0.55869448E-03
   428.00   0.55725147E-03
   427.00   0.55581484E-03
   426.00   0.55438452E-03
   425.00   0.55296049E-03
   424.00   0.55154270E-03
   423.00   0.55013111E-03
   422.00   0.54872566E-03
   421.00   0.54732632E-03
   420.00   0.54593305E-03
   419.00   0.54454581E-03
   418.00   0.54316455E-03
   417.00   0.54178923E-03
   416.00   0.54041982E-03
   415.00   0.53905626E-03
   414.00   0.53769853E-03
   413.00   0.53634658E-03
   412.00   0.53500037E-03
   411.00   0.53365987E-03
   410.00   0.53232503E-03
   409.00   0.53099582E-03
   408.00   0.52967220E-03
   407.00   0.52835413E-03
   406.00   0.52704157E-03
   405.00   0.52573449E-03
   404.00   0.52443285E-03
   403.00   0.52313661E-03
   402.00   0.52184574E-03
   401.00   0.52056020E-03
   400.00   0.51927996E-03
   399.00   0.51800498E-03
   398.00   0.51673523E-03
   397.00   0.51547066E-03
   396.00   0.51421126E-03
   395.00   0.51295697E-03
   394.00   0.51170778E-03
   393.00   0.51046364E-03
   392.00   0.50922453E-03
   391.00   0.50799040E-03
   390.00   0.50676123E-03
   389.00   0.50553698E-03
   388.00   0.50431763E-03
   387.00   0.50310314E-03
   386.00   0.50189347E-03
   385.00   0.50068860E-03
   384.00   0.49948850E-03
   383.00   0.49829313E-03
   382.00   0.49710247E-03
   381.00   0.49591648E-03
   380.00   0.49473513E-03
   379.00   0.49355840E-03
   378.00   0.49238625E-03
   377.00   0.49121865E-03
   376.00   0.49005558E-03
   375.00   0.48889701E-03
   374.00   0.48774290E-03
   373.00   0.48659323E-03
   372.00   0.48544798E-03
   371.00   0.48430710E-03
   370.00   0.48317058E-03
   369.00   0.48203838E-03
   368.00   0.48091048E-03
   367.00   0.47978685E-03
   366.00   0.47866747E-03
   365.00   0.47755230E-03
   364.00   0.47644133E-03
   363.00   0.47533452E-03
   362.00   0.47423184E-03
   361.00   0.47313328E-03
   360.00   0.47203880E-03
   359.00   0.47094838E-03
   358.00   0.46986200E-03
   357.00   0.46877963E-03
   356.00   0.46770123E-03
   355.00   0.46662680E-03
   354.00   0.46555630E-03
   353.00   0.46448971E-03
   352.00   0.46342701E-03
   351.00   0.46236816E-03
   350.00   0.46131315E-03
   349.00   0.46026195E-03
   348.00   0.45921454E-03
   347.00   0.45817090E-03
   346.00   0.45713100E-03
   345.00   0.45609481E-03
   344.00   0.45506232E-03
   343.00   0.45403350E-03
   342.00   0.45300833E-03
   341.00   0.45198679E-03
   340.00   0.45096885E-03
   339.00   0.44995449E-03
   338.00   0.44894369E-03
   337.00   0.44793642E-03
   336.00   0.44693268E-03
   335.00   0.44593242E-03
   334.00   0.44493564E-03
   333.00   0.44394231E-03
   332.00   0.44295240E-03
   331.00   0.44196591E-03
   330.00   0.44098280E-03
   329.00   0.44000305E-03
   328.00   0.43902665E-03
   327.00   0.43805358E-03
   326.00   0.43708381E-03
   325.00   0.43611732E-03
   324.00   0.43515410E-03
   323.00   0.43419412E-03
   322.00   0.43323736E-03
   321.00   0.43228381E-03
   320.00   0.43133343E-03
   319.00   0.43038623E-03
   318.00   0.42944216E-03
   317.00   0.42850122E-03
   316.00   0.42756339E-03
   315.00   0.42662864E-03
   314.00   0.42569696E-03
   313.00   0.42476833E-03
   312.00   0.42384273E-03
   311.00   0.42292014E-03
   310.00   0.42200054E-03
   309.00   0.42108392E-03
   308.00   0.42017025E-03
   307.00   0.41925952E-03
   306.00   0.41835170E-03
   305.00   0.41744679E-03
   304.00   0.41654476E-03
   303.00   0.41564560E-03
   302.00   0.41474928E-03
   301.00   0.41385579E-03
   300.00   0.41296512E-03
   299.00   0.41207724E-03
   298.00   0.41119214E-03
   297.00   0.41030979E-03
   296.00   0.40943019E-03
   295.00   0.40855332E-03
   294.00   0.40767915E-03
   293.00   0.40680768E-03
   292.00   0.40593888E-03
   291.00   0.40507274E-03
   290.00   0.40420924E-03
   289.00   0.40334837E-03
   288.00   0.40249010E-03
   287.00   0.40163443E-03
   286.00   0.40078133E-03
   285.00   0.39993080E-03
   284.00   0.39908280E-03
   283.00   0.39823734E-03
   282.00   0.39739438E-03
   281.00   0.39655392E-03
   280.00   0.39571594E-03
   279.00   0.39488043E-03
   278.00   0.39404736E-03
   277.00   0.39321672E-03
   276.00   0.39238851E-03
   275.00   0.39156269E-03
   274.00   0.39073926E-03
   273.00   0.38991820E-03
   272.00   0.38909949E-03
   271.00   0.38828313E-03
   270.00   0.38746909E-03
   269.00   0.38665736E-03
   268.00   0.38584793E-03
   267.00   0.38504077E-03
   266.00   0.38423588E-03
   265.00   0.38343324E-03
   264.00   0.38263284E-03
   263.00   0.38183465E-03
   262.00   0.38103868E-03
   261.00   0.38024489E-03
   260.00   0.37945328E-03
   259.00   0.37866383E-03
   258.00   0.37787653E-03
   257.00   0.37709136E-03
   256.00   0.37630831E-03
   255.00   0.37552737E-03
   254.00   0.37474852E-03
   253.00   0.37397174E-03
   252.00   0.37319702E-03
   251.00   0.37242435E-03
   250.00   0.37165372E-03
   249.00   0.37088510E-03
   248.00   0.37011849E-03
   247.00   0.36935387E-03
   246.00   0.36859123E-03
   245.00   0.36783055E-03
   244.00   0.36707182E-03
   243.00   0.36631503E-03
   242.00   0.36556016E-03
   241.00   0.36480719E-03
   240.00   0.36405613E-03
   239.00   0.36330694E-03
   238.00   0.36255962E-03
   237.00   0.36181415E-03
   236.00   0.36107052E-03
   235.00   0.36032872E-03
   234.00   0.35958873E-03
   233.00   0.35885054E-03
   232.00   0.35811413E-03
   231.00   0.35737950E-03
   230.00   0.35664662E-03
   229.00   0.35591549E-03
   228.00   0.35518609E-03
   227.00   0.35445841E-03
   226.00   0.35373244E-03
   225.00   0.35300815E-03
   224.00   0.35228554E-03
   223.00   0.35156460E-03
   222.00   0.35084531E-03
   221.00   0.35012765E-03
   220.00   0.34941162E-03
   219.00   0.34869720E-03
   218.00   0.34798438E-03
   217.00   0.34727314E-03
   216.00   0.34656347E-03
   215.00   0.34585536E-03
   214.00   0.34514879E-03
   213.00   0.34444376E-03
   212.00   0.34374024E-03
   211.00   0.34303822E-03
   210.00   0.34233770E-03
   209.00   0.34163865E-03
   208.00   0.34094107E-03
   207.00   0.34024493E-03
   206.00   0.33955024E-03
   205.00   0.33885697E-03
   204.00   0.33816510E-03
   203.00   0.33747464E-03
   202.00   0.33678555E-03
   201.00   0.33609784E-03
   200.00   0.33541148E-03
   199.00   0.33472647E-03
   198.00   0.33404278E-03
   197.00   0.33336041E-03
   196.00   0.33267934E-03
   195.00   0.33199956E-03
   194.00   0.33132106E-03
   193.00   0.33064381E-03
   192.00   0.32996781E-03
   191.00   0.32929305E-03
   190.00   0.32861950E-03
   189.00   0.32794716E-03
   188.00   0.32727601E-03
   187.00   0.32660604E-03
   186.00   0.32593723E-03
   185.00   0.32526957E-03
   184.00   0.32460305E-03
   183.00   0.32393764E-03
   182.00   0.32327335E-03
   181.00   0.32261014E-03
   180.00   0.32194802E-03
   179.00   0.32128696E-03
   178.00   0.32062694E-03
   177.00   0.31996797E-03
   176.00   0.31931001E-03
   175.00   0.31865306E-03
   174.00   0.31799710E-03
   173.00   0.31734211E-03
   172.00   0.31668808E-03
   171.00   0.31603500E-03
   170.00   0.31538286E-03
   169.00   0.31473162E-03
   168.00   0.31408129E-03
   167.00   0.31343184E-03
   166.00   0.31278326E-03
   165.00   0.31213553E-03
   164.00   0.31148864E-03
   163.00   0.31084258E-03
   162.00   0.31019732E-03
   161.00   0.30955284E-03
   160.00   0.30890915E-03
   159.00   0.30826621E-03
   158.00   0.30762401E-03
   157.00   0.30698253E-03
   156.00   0.30634177E-03
   155.00   0.30570169E-03
   154.00   0.30506229E-03
   153.00   0.30442354E-03
   152.00   0.30378543E-03
   151.00   0.30314795E-03
   150.00   0.30251107E-03
   149.00   0.30187477E-03
   148.00   0.30123905E-03
   147.00   0.30060387E-03
   146.00   0.29996922E-03
   145.00   0.29933509E-03
   144.00   0.29870145E-03
   143.00   0.29806829E-03
   142.00   0.29743559E-03
   141.00   0.29680332E-03
   140.00   0.29617146E-03
   139.00   0.29554001E-03
   138.00   0.29490893E-03
   137.00   0.29427821E-03
   136.00   0.29364783E-03
   135.00   0.29301776E-03
   134.00   0.29238798E-03
   133.00   0.29175848E-03
   132.00   0.29112923E-03
   131.00   0.29050021E-03
   130.00   0.28987140E-03
   129.00   0.28924277E-03
   128.00   0.28861430E-03
   127.00   0.28798597E-03
   126.00   0.28735775E-03
   125.00   0.28672963E-03
   124.00   0.28610157E-03
   123.00   0.28547355E-03
   122.00   0.28484555E-03
   121.00   0.28421754E-03
   120.00   0.28358950E-03
   119.00   0.28296140E-03
   118.00   0.28233320E-03
   117.00   0.28170489E-03
   116.00   0.28107644E-03
   115.00   0.28044782E-03
   114.00   0.27981900E-03
   113.00   0.27918995E-03
   112.00   0.27856065E-03
   111.00   0.27793105E-03
   110.00   0.27730113E-03
   109.00   0.27667086E-03
   108.00   0.27604021E-03
   107.00   0.27540915E-03
   106.00   0.27477763E-03
   105.00   0.27414563E-03
   104.00   0.27351312E-03
   103.00   0.27288005E-03
   102.00   0.27224639E-03
   101.00   0.27161210E-03
   100.00   0.27097715E-03
    99.00   0.27034150E-03
    98.00   0.26970510E-03
    97.00   0.26906792E-03
    96.00   0.26842992E-03
    95.00   0.26779104E-03
    94.00   0.26715126E-03
    93.00   0.26651053E-03
    92.00   0.26586879E-03
    91.00   0.26522600E-03
    90.00   0.26458213E-03
    89.00   0.26393710E-03
    88.00   0.26329088E-03
    87.00   0.26264342E-03
    86.00   0.26199466E-03
    85.00   0.26134454E-03
    84.00   0.26069301E-03
    83.00   0.26004001E-03
    82.00   0.25938549E-03
    81.00   0.25872938E-03
    80.00   0.25807161E-03
    79.00   0.25741213E-03
    78.00   0.25675087E-03
    77.00   0.25608775E-03
    76.00   0.25542272E-03
    75.00   0.25475568E-03
    74.00   0.25408657E-03
    73.00   0.25341532E-03
    72.00   0.25274183E-03
    71.00   0.25206602E-03
    70.00   0.25138782E-03
    69.00   0.25070712E-03
    68.00   0.25002384E-03
    67.00   0.24933788E-03
    66.00   0.24864914E-03
    65.00   0.24795752E-03
    64.00   0.24726290E-03
    63.00   0.24656519E-03
    62.00   0.24586425E-03
    61.00   0.24515998E-03
    60.00   0.24445224E-03
    59.00   0.24374091E-03
    58.00   0.24302584E-03
    57.00   0.24230690E-03
    56.00   0.24158394E-03
    55.00   0.24085679E-03
    54.00   0.24012530E-03
    53.00   0.23938931E-03
    52.00   0.23864862E-03
    51.00   0.23790305E-03
    50.00   0.23715240E-03
    49.00   0.23639648E-03
    48.00   0.23563506E-03
    47.00   0.23486790E-03
    46.00   0.23409478E-03
    45.00   0.23331544E-03
    44.00   0.23252960E-03
    43.00   0.23173699E-03
    42.00   0.23093729E-03
    41.00   0.23013020E-03
    40.00   0.22931536E-03
    39.00   0.22849242E-03
    38.00   0.22766099E-03
    37.00   0.22682066E-03
    36.00   0.22597099E-03
    35.00   0.22511151E-03
    34.00   0.22424170E-03
    33.00   0.22336103E-03
    32.00   0.22246891E-03
    31.00   0.22156469E-03
    30.00   0.22064770E-03
    29.00   0.21971718E-03
    28.00   0.21877233E-03
    27.00   0.21781225E-03
    26.00   0.21683598E-03
    25.00   0.21584244E-03
    24.00   0.21483046E-03
    23.00   0.21379872E-03
    22.00   0.21274579E-03
    21.00   0.21167005E-03
    20.00   0.21056967E-03
    19.00   0.20944260E-03
    18.00   0.20828653E-03
    17.00   0.20709880E-03
    16.00   0.20587636E-03
    15.00   0.20461567E-03
    14.00   0.20331260E-03
    13.00   0.20196227E-03
    12.00   0.20055886E-03
    11.00   0.19909533E-03
    10.00   0.19756307E-03
     9.00   0.19595132E-03
     8.00   0.19424642E-03
     7.00   0.19243060E-03
     6.00   0.19048012E-03
     5.00   0.18836221E-03
     4.00   0.18602994E-03
     3.00   0.18341337E-03
     2.00   0.18040630E-03
     1.00   0.17687232E-03
     0.00   0.17295863E-03
