    0.10000E-03    0.18943E-01
    0.10202E-03    0.19310E-01
    0.10408E-03    0.19685E-01
    0.10618E-03    0.20067E-01
    0.10833E-03    0.20456E-01
    0.11052E-03    0.20853E-01
    0.11275E-03    0.21258E-01
    0.11503E-03    0.21670E-01
    0.11735E-03    0.22091E-01
    0.11972E-03    0.22519E-01
    0.12214E-03    0.22956E-01
    0.12461E-03    0.23402E-01
    0.12712E-03    0.23856E-01
    0.12969E-03    0.24319E-01
    0.13231E-03    0.24790E-01
    0.13499E-03    0.25271E-01
    0.13771E-03    0.25762E-01
    0.14049E-03    0.26262E-01
    0.14333E-03    0.26771E-01
    0.14623E-03    0.27291E-01
    0.14918E-03    0.27820E-01
    0.15220E-03    0.28360E-01
    0.15527E-03    0.28910E-01
    0.15841E-03    0.29471E-01
    0.16161E-03    0.30043E-01
    0.16487E-03    0.30626E-01
    0.16820E-03    0.31220E-01
    0.17160E-03    0.31826E-01
    0.17507E-03    0.32443E-01
    0.17860E-03    0.33073E-01
    0.18221E-03    0.33714E-01
    0.18589E-03    0.34368E-01
    0.18965E-03    0.35035E-01
    0.19348E-03    0.35715E-01
    0.19739E-03    0.36408E-01
    0.20138E-03    0.37114E-01
    0.20544E-03    0.37834E-01
    0.20959E-03    0.38568E-01
    0.21383E-03    0.39316E-01
    0.21815E-03    0.40079E-01
    0.22255E-03    0.40856E-01
    0.22705E-03    0.41649E-01
    0.23164E-03    0.42456E-01
    0.23632E-03    0.43280E-01
    0.24109E-03    0.44120E-01
    0.24596E-03    0.44975E-01
    0.25093E-03    0.45848E-01
    0.25600E-03    0.46737E-01
    0.26117E-03    0.47643E-01
    0.26645E-03    0.48567E-01
    0.27183E-03    0.49509E-01
    0.27732E-03    0.50470E-01
    0.28292E-03    0.51448E-01
    0.28864E-03    0.52446E-01
    0.29447E-03    0.53463E-01
    0.30042E-03    0.54500E-01
    0.30649E-03    0.55557E-01
    0.31268E-03    0.56634E-01
    0.31899E-03    0.57732E-01
    0.32544E-03    0.58852E-01
    0.33201E-03    0.59993E-01
    0.33872E-03    0.61156E-01
    0.34556E-03    0.62341E-01
    0.35254E-03    0.63550E-01
    0.35966E-03    0.64782E-01
    0.36693E-03    0.66038E-01
    0.37434E-03    0.67318E-01
    0.38190E-03    0.68623E-01
    0.38962E-03    0.69953E-01
    0.39749E-03    0.71309E-01
    0.40552E-03    0.72691E-01
    0.41371E-03    0.74099E-01
    0.42207E-03    0.75535E-01
    0.43060E-03    0.76999E-01
    0.43929E-03    0.78491E-01
    0.44817E-03    0.80012E-01
    0.45722E-03    0.81562E-01
    0.46646E-03    0.83142E-01
    0.47588E-03    0.84752E-01
    0.48550E-03    0.86394E-01
    0.49530E-03    0.88067E-01
    0.50531E-03    0.89773E-01
    0.51552E-03    0.91511E-01
    0.52593E-03    0.93283E-01
    0.53656E-03    0.95089E-01
    0.54739E-03    0.96930E-01
    0.55845E-03    0.98806E-01
    0.56973E-03    0.10072E+00
    0.58124E-03    0.10267E+00
    0.59299E-03    0.10465E+00
    0.60496E-03    0.10668E+00
    0.61719E-03    0.10874E+00
    0.62965E-03    0.11085E+00
    0.64237E-03    0.11299E+00
    0.65535E-03    0.11518E+00
    0.66859E-03    0.11740E+00
    0.68210E-03    0.11967E+00
    0.69588E-03    0.12199E+00
    0.70993E-03    0.12435E+00
    0.72427E-03    0.12675E+00
    0.73891E-03    0.12920E+00
    0.75383E-03    0.13169E+00
    0.76906E-03    0.13424E+00
    0.78460E-03    0.13683E+00
    0.80045E-03    0.13947E+00
    0.81662E-03    0.14216E+00
    0.83311E-03    0.14491E+00
    0.84994E-03    0.14770E+00
    0.86711E-03    0.15055E+00
    0.88463E-03    0.15345E+00
    0.90250E-03    0.15641E+00
    0.92073E-03    0.15943E+00
    0.93933E-03    0.16250E+00
    0.95831E-03    0.16563E+00
    0.97767E-03    0.16882E+00
    0.99742E-03    0.17207E+00
    0.10176E-02    0.17538E+00
    0.10381E-02    0.17876E+00
    0.10591E-02    0.18220E+00
    0.10805E-02    0.18570E+00
    0.11023E-02    0.18927E+00
    0.11246E-02    0.19290E+00
    0.11473E-02    0.19661E+00
    0.11705E-02    0.20038E+00
    0.11941E-02    0.20423E+00
    0.12182E-02    0.20814E+00
    0.12429E-02    0.21213E+00
    0.12680E-02    0.21620E+00
    0.12936E-02    0.22034E+00
    0.13197E-02    0.22455E+00
    0.13464E-02    0.22885E+00
    0.13736E-02    0.23323E+00
    0.14013E-02    0.23768E+00
    0.14296E-02    0.24222E+00
    0.14585E-02    0.24684E+00
    0.14880E-02    0.25155E+00
    0.15180E-02    0.25634E+00
    0.15487E-02    0.26122E+00
    0.15800E-02    0.26619E+00
    0.16119E-02    0.27125E+00
    0.16445E-02    0.27640E+00
    0.16777E-02    0.28165E+00
    0.17116E-02    0.28699E+00
    0.17462E-02    0.29242E+00
    0.17814E-02    0.29796E+00
    0.18174E-02    0.30359E+00
    0.18541E-02    0.30932E+00
    0.18916E-02    0.31516E+00
    0.19298E-02    0.32109E+00
    0.19688E-02    0.32714E+00
    0.20086E-02    0.33328E+00
    0.20491E-02    0.33954E+00
    0.20905E-02    0.34590E+00
    0.21328E-02    0.35238E+00
    0.21758E-02    0.35896E+00
    0.22198E-02    0.36566E+00
    0.22646E-02    0.37248E+00
    0.23104E-02    0.37940E+00
    0.23571E-02    0.38645E+00
    0.24047E-02    0.39361E+00
    0.24533E-02    0.40090E+00
    0.25028E-02    0.40830E+00
    0.25534E-02    0.41582E+00
    0.26050E-02    0.42347E+00
    0.26576E-02    0.43124E+00
    0.27113E-02    0.43914E+00
    0.27660E-02    0.44716E+00
    0.28219E-02    0.45530E+00
    0.28789E-02    0.46358E+00
    0.29371E-02    0.47198E+00
    0.29964E-02    0.48051E+00
    0.30569E-02    0.48917E+00
    0.31187E-02    0.49796E+00
    0.31817E-02    0.50688E+00
    0.32460E-02    0.51593E+00
    0.33115E-02    0.52511E+00
    0.33784E-02    0.53442E+00
    0.34467E-02    0.54387E+00
    0.35163E-02    0.55344E+00
    0.35874E-02    0.56314E+00
    0.36598E-02    0.57297E+00
    0.37338E-02    0.58293E+00
    0.38092E-02    0.59302E+00
    0.38861E-02    0.60324E+00
    0.39646E-02    0.61358E+00
    0.40447E-02    0.62405E+00
    0.41264E-02    0.63464E+00
    0.42098E-02    0.64535E+00
    0.42948E-02    0.65619E+00
    0.43816E-02    0.66713E+00
    0.44701E-02    0.67820E+00
    0.45604E-02    0.68938E+00
    0.46525E-02    0.70066E+00
    0.47465E-02    0.71206E+00
    0.48424E-02    0.72355E+00
    0.49402E-02    0.73515E+00
    0.50400E-02    0.74684E+00
    0.51419E-02    0.75863E+00
    0.52457E-02    0.77049E+00
    0.53517E-02    0.78245E+00
    0.54598E-02    0.79447E+00
    0.55701E-02    0.80657E+00
    0.56826E-02    0.81875E+00
    0.57974E-02    0.83097E+00
    0.59145E-02    0.84325E+00
    0.60340E-02    0.85557E+00
    0.61559E-02    0.86793E+00
    0.62803E-02    0.88032E+00
    0.64072E-02    0.89274E+00
    0.65366E-02    0.90516E+00
    0.66686E-02    0.91760E+00
    0.68033E-02    0.93003E+00
    0.69408E-02    0.94245E+00
    0.70810E-02    0.95485E+00
    0.72240E-02    0.96722E+00
    0.73700E-02    0.97954E+00
    0.75189E-02    0.99181E+00
    0.76708E-02    0.10040E+01
    0.78257E-02    0.10161E+01
    0.79838E-02    0.10282E+01
    0.81451E-02    0.10401E+01
    0.83096E-02    0.10520E+01
    0.84775E-02    0.10637E+01
    0.86488E-02    0.10752E+01
    0.88235E-02    0.10867E+01
    0.90017E-02    0.10979E+01
    0.91836E-02    0.11090E+01
    0.93691E-02    0.11199E+01
    0.95583E-02    0.11306E+01
    0.97514E-02    0.11411E+01
    0.99484E-02    0.11513E+01
    0.10149E-01    0.11613E+01
    0.10354E-01    0.11710E+01
    0.10564E-01    0.11805E+01
    0.10777E-01    0.11896E+01
    0.10995E-01    0.11985E+01
    0.11217E-01    0.12070E+01
    0.11443E-01    0.12152E+01
    0.11675E-01    0.12230E+01
    0.11910E-01    0.12305E+01
    0.12151E-01    0.12375E+01
    0.12397E-01    0.12442E+01
    0.12647E-01    0.12504E+01
    0.12902E-01    0.12563E+01
    0.13163E-01    0.12616E+01
    0.13429E-01    0.12665E+01
    0.13700E-01    0.12709E+01
    0.13977E-01    0.12749E+01
    0.14259E-01    0.12783E+01
    0.14547E-01    0.12811E+01
    0.14841E-01    0.12835E+01
    0.15141E-01    0.12852E+01
    0.15447E-01    0.12864E+01
    0.15759E-01    0.12870E+01
    0.16077E-01    0.12870E+01
    0.16402E-01    0.12864E+01
    0.16734E-01    0.12854E+01
    0.17072E-01    0.12836E+01
    0.17416E-01    0.12813E+01
    0.17768E-01    0.12783E+01
    0.18127E-01    0.12746E+01
    0.18493E-01    0.12703E+01
    0.18867E-01    0.12654E+01
    0.19248E-01    0.12598E+01
    0.19637E-01    0.12536E+01
    0.20034E-01    0.12467E+01
    0.20438E-01    0.12392E+01
    0.20851E-01    0.12311E+01
    0.21272E-01    0.12222E+01
    0.21702E-01    0.12123E+01
    0.22141E-01    0.12023E+01
    0.22588E-01    0.11916E+01
    0.23044E-01    0.11802E+01
    0.23510E-01    0.11683E+01
    0.23985E-01    0.11558E+01
    0.24469E-01    0.11427E+01
    0.24964E-01    0.11291E+01
    0.25468E-01    0.11149E+01
    0.25982E-01    0.11005E+01
    0.26507E-01    0.10861E+01
    0.27043E-01    0.10706E+01
    0.27589E-01    0.10548E+01
    0.28146E-01    0.10386E+01
    0.28715E-01    0.10222E+01
    0.29295E-01    0.10054E+01
    0.29887E-01    0.98838E+00
    0.30490E-01    0.97118E+00
    0.31106E-01    0.95384E+00
    0.31735E-01    0.93641E+00
    0.32376E-01    0.91894E+00
    0.33030E-01    0.90148E+00
    0.33697E-01    0.88408E+00
    0.34378E-01    0.86678E+00
    0.35072E-01    0.84962E+00
    0.35781E-01    0.83253E+00
    0.36504E-01    0.81558E+00
    0.37241E-01    0.79893E+00
    0.37993E-01    0.78259E+00
    0.38761E-01    0.76663E+00
    0.39544E-01    0.75110E+00
    0.40343E-01    0.73603E+00
    0.41158E-01    0.72145E+00
    0.41989E-01    0.70741E+00
    0.42838E-01    0.69392E+00
    0.43703E-01    0.68100E+00
    0.44586E-01    0.66864E+00
    0.45486E-01    0.65683E+00
    0.46405E-01    0.64557E+00
    0.47343E-01    0.63483E+00
    0.48299E-01    0.62459E+00
    0.49275E-01    0.61481E+00
    0.50270E-01    0.60545E+00
    0.51286E-01    0.59649E+00
    0.52322E-01    0.58788E+00
    0.53379E-01    0.57957E+00
    0.54457E-01    0.57155E+00
    0.55557E-01    0.56364E+00
    0.56680E-01    0.55623E+00
    0.57825E-01    0.54936E+00
    0.58993E-01    0.54185E+00
    0.60184E-01    0.53437E+00
    0.61400E-01    0.52671E+00
    0.62641E-01    0.51880E+00
    0.63906E-01    0.51057E+00
    0.65197E-01    0.50191E+00
    0.66514E-01    0.49278E+00
    0.67858E-01    0.48309E+00
    0.69229E-01    0.47280E+00
    0.70627E-01    0.46191E+00
    0.72054E-01    0.45043E+00
    0.73510E-01    0.43838E+00
    0.74994E-01    0.42584E+00
    0.76509E-01    0.41288E+00
    0.78055E-01    0.39959E+00
    0.79632E-01    0.38610E+00
    0.81241E-01    0.37251E+00
    0.82882E-01    0.35896E+00
    0.84556E-01    0.34557E+00
    0.86264E-01    0.33246E+00
    0.88007E-01    0.31975E+00
    0.89785E-01    0.30755E+00
    0.91598E-01    0.29598E+00
    0.93449E-01    0.28513E+00
    0.95337E-01    0.27509E+00
    0.97263E-01    0.26592E+00
    0.99227E-01    0.25766E+00
    0.10123E+00    0.25029E+00
    0.10328E+00    0.24378E+00
    0.10536E+00    0.23807E+00
    0.10749E+00    0.23306E+00
    0.10966E+00    0.22860E+00
    0.11188E+00    0.22454E+00
    0.11414E+00    0.22071E+00
    0.11644E+00    0.21694E+00
    0.11880E+00    0.21304E+00
    0.12120E+00    0.20883E+00
    0.12365E+00    0.20418E+00
    0.12614E+00    0.19898E+00
    0.12869E+00    0.19318E+00
    0.13129E+00    0.18681E+00
    0.13394E+00    0.17996E+00
    0.13665E+00    0.17274E+00
    0.13941E+00    0.16533E+00
    0.14223E+00    0.15789E+00
    0.14510E+00    0.15061E+00
    0.14803E+00    0.14368E+00
    0.15102E+00    0.13726E+00
    0.15407E+00    0.13149E+00
    0.15718E+00    0.12645E+00
    0.16036E+00    0.12215E+00
    0.16360E+00    0.11853E+00
    0.16690E+00    0.11547E+00
    0.17028E+00    0.11281E+00
    0.17371E+00    0.11037E+00
    0.17722E+00    0.10797E+00
    0.18080E+00    0.10543E+00
    0.18446E+00    0.10261E+00
    0.18818E+00    0.99412E-01
    0.19198E+00    0.95821E-01
    0.19586E+00    0.91910E-01
    0.19982E+00    0.87818E-01
    0.20386E+00    0.83711E-01
    0.20797E+00    0.79755E-01
    0.21218E+00    0.76098E-01
    0.21646E+00    0.72853E-01
    0.22083E+00    0.70074E-01
    0.22530E+00    0.67735E-01
    0.22985E+00    0.65734E-01
    0.23449E+00    0.63924E-01
    0.23923E+00    0.62153E-01
    0.24406E+00    0.60297E-01
    0.24899E+00    0.58275E-01
    0.25402E+00    0.56061E-01
    0.25915E+00    0.53695E-01
    0.26439E+00    0.51275E-01
    0.26973E+00    0.48929E-01
    0.27518E+00    0.46766E-01
    0.28074E+00    0.44844E-01
    0.28641E+00    0.43162E-01
    0.29219E+00    0.41675E-01
    0.29810E+00    0.40305E-01
    0.30412E+00    0.38957E-01
    0.31026E+00    0.37557E-01
    0.31653E+00    0.36080E-01
    0.32292E+00    0.34553E-01
    0.32945E+00    0.33037E-01
    0.33610E+00    0.31597E-01
    0.34289E+00    0.30279E-01
    0.34982E+00    0.29091E-01
    0.35689E+00    0.28003E-01
    0.36409E+00    0.26968E-01
    0.37145E+00    0.25940E-01
    0.37895E+00    0.24898E-01
    0.38661E+00    0.23850E-01
    0.39442E+00    0.22825E-01
    0.40239E+00    0.21855E-01
    0.41052E+00    0.20955E-01
    0.41881E+00    0.20118E-01
    0.42727E+00    0.19322E-01
    0.43590E+00    0.18543E-01
    0.44471E+00    0.17773E-01
    0.45369E+00    0.17018E-01
    0.46286E+00    0.16293E-01
    0.47221E+00    0.15608E-01
    0.48174E+00    0.14961E-01
    0.49148E+00    0.14344E-01
    0.50141E+00    0.13745E-01
    0.51153E+00    0.13162E-01
    0.52187E+00    0.12600E-01
    0.53241E+00    0.12062E-01
    0.54317E+00    0.11550E-01
    0.55414E+00    0.11061E-01
    0.56533E+00    0.10590E-01
    0.57675E+00    0.10135E-01
    0.58840E+00    0.96980E-02
    0.60029E+00    0.92798E-02
    0.61242E+00    0.88800E-02
    0.62479E+00    0.84969E-02
    0.63741E+00    0.81284E-02
    0.65029E+00    0.77747E-02
    0.66342E+00    0.74357E-02
    0.67683E+00    0.71115E-02
    0.69050E+00    0.68007E-02
    0.70445E+00    0.65025E-02
    0.71868E+00    0.62168E-02
    0.73320E+00    0.59431E-02
    0.74801E+00    0.56811E-02
    0.76312E+00    0.54299E-02
    0.77854E+00    0.51893E-02
    0.79426E+00    0.49590E-02
    0.81031E+00    0.47385E-02
    0.82668E+00    0.45273E-02
    0.84338E+00    0.43252E-02
    0.86041E+00    0.41316E-02
    0.87780E+00    0.39464E-02
    0.89553E+00    0.37693E-02
    0.91362E+00    0.35997E-02
    0.93208E+00    0.34375E-02
    0.95091E+00    0.32823E-02
    0.97011E+00    0.31338E-02
    0.98971E+00    0.29918E-02
    0.10097E+01    0.28560E-02
    0.10301E+01    0.27261E-02
    0.10509E+01    0.26019E-02
    0.10721E+01    0.24832E-02
    0.10938E+01    0.23697E-02
    0.11159E+01    0.22612E-02
    0.11384E+01    0.21575E-02
    0.11614E+01    0.20584E-02
    0.11849E+01    0.19637E-02
    0.12088E+01    0.18733E-02
    0.12333E+01    0.17868E-02
    0.12582E+01    0.17042E-02
    0.12836E+01    0.16253E-02
    0.13095E+01    0.15500E-02
    0.13360E+01    0.14780E-02
    0.13630E+01    0.14093E-02
    0.13905E+01    0.13436E-02
    0.14186E+01    0.12810E-02
    0.14472E+01    0.12211E-02
    0.14765E+01    0.11640E-02
    0.15063E+01    0.11095E-02
    0.15367E+01    0.10574E-02
    0.15678E+01    0.10078E-02
    0.15994E+01    0.96037E-03
    0.16318E+01    0.91514E-03
    0.16647E+01    0.87198E-03
    0.16984E+01    0.83080E-03
    0.17327E+01    0.79151E-03
    0.17677E+01    0.75403E-03
    0.18034E+01    0.71828E-03
    0.18398E+01    0.68418E-03
    0.18770E+01    0.65166E-03
    0.19149E+01    0.62065E-03
    0.19536E+01    0.59107E-03
    0.19930E+01    0.56287E-03
    0.20333E+01    0.53599E-03
    0.20744E+01    0.51035E-03
    0.21163E+01    0.48592E-03
    0.21590E+01    0.46262E-03
    0.22026E+01    0.44042E-03
    0.22471E+01    0.41926E-03
    0.22925E+01    0.39909E-03
    0.23388E+01    0.37987E-03
    0.23861E+01    0.36155E-03
    0.24343E+01    0.34410E-03
    0.24835E+01    0.32748E-03
    0.25336E+01    0.31164E-03
    0.25848E+01    0.29654E-03
    0.26370E+01    0.28217E-03
    0.26903E+01    0.26847E-03
    0.27447E+01    0.25543E-03
    0.28001E+01    0.24301E-03
    0.28567E+01    0.23118E-03
    0.29144E+01    0.21991E-03
    0.29733E+01    0.20919E-03
    0.30333E+01    0.19897E-03
    0.30946E+01    0.18925E-03
    0.31571E+01    0.17999E-03
    0.32209E+01    0.17118E-03
    0.32860E+01    0.16278E-03
    0.33523E+01    0.15480E-03
    0.34201E+01    0.14719E-03
    0.34892E+01    0.13996E-03
    0.35596E+01    0.13307E-03
    0.36316E+01    0.12652E-03
    0.37049E+01    0.12028E-03
    0.37798E+01    0.11435E-03
    0.38561E+01    0.10870E-03
    0.39340E+01    0.10333E-03
    0.40135E+01    0.98215E-04
    0.40946E+01    0.93352E-04
    0.41773E+01    0.88725E-04
    0.42617E+01    0.84325E-04
    0.43478E+01    0.80139E-04
    0.44356E+01    0.76157E-04
    0.45252E+01    0.72370E-04
    0.46166E+01    0.68768E-04
    0.47099E+01    0.65343E-04
    0.48050E+01    0.62086E-04
    0.49021E+01    0.58988E-04
    0.50011E+01    0.56043E-04
    0.51021E+01    0.53243E-04
    0.52052E+01    0.50580E-04
    0.53104E+01    0.48049E-04
    0.54176E+01    0.45642E-04
    0.55271E+01    0.43354E-04
    0.56387E+01    0.41179E-04
    0.57526E+01    0.39112E-04
    0.58689E+01    0.37147E-04
    0.59874E+01    0.35280E-04
    0.61084E+01    0.33505E-04
    0.62318E+01    0.31818E-04
    0.63577E+01    0.30215E-04
    0.64861E+01    0.28691E-04
    0.66171E+01    0.27243E-04
    0.67508E+01    0.25868E-04
    0.68872E+01    0.24561E-04
    0.70263E+01    0.23319E-04
    0.71682E+01    0.22139E-04
    0.73130E+01    0.21018E-04
    0.74608E+01    0.19953E-04
    0.76115E+01    0.18941E-04
    0.77653E+01    0.17980E-04
    0.79221E+01    0.17068E-04
    0.80822E+01    0.16200E-04
    0.82454E+01    0.15377E-04
    0.84120E+01    0.14595E-04
    0.85819E+01    0.13852E-04
    0.87553E+01    0.13146E-04
    0.89322E+01    0.12476E-04
    0.91126E+01    0.11840E-04
    0.92967E+01    0.11236E-04
    0.94845E+01    0.10662E-04
    0.96761E+01    0.10117E-04
    0.98716E+01    0.96002E-05
    0.10071E+02    0.91091E-05
    0.10274E+02    0.86428E-05
    0.10482E+02    0.82002E-05
    0.10694E+02    0.77800E-05
    0.10910E+02    0.73811E-05
    0.11130E+02    0.70024E-05
    0.11355E+02    0.66429E-05
    0.11584E+02    0.63017E-05
    0.11818E+02    0.59779E-05
    0.12057E+02    0.56705E-05
    0.12301E+02    0.53787E-05
    0.12549E+02    0.51018E-05
    0.12803E+02    0.48391E-05
    0.13061E+02    0.45897E-05
    0.13325E+02    0.43530E-05
    0.13594E+02    0.41284E-05
    0.13869E+02    0.39153E-05
    0.14149E+02    0.37131E-05
    0.14435E+02    0.35213E-05
    0.14727E+02    0.33392E-05
    0.15024E+02    0.31665E-05
    0.15328E+02    0.30026E-05
    0.15637E+02    0.28471E-05
    0.15953E+02    0.26996E-05
    0.16275E+02    0.25597E-05
    0.16604E+02    0.24270E-05
    0.16940E+02    0.23010E-05
    0.17282E+02    0.21816E-05
    0.17631E+02    0.20683E-05
    0.17987E+02    0.19608E-05
    0.18351E+02    0.18589E-05
    0.18721E+02    0.17622E-05
    0.19099E+02    0.16705E-05
    0.19485E+02    0.15836E-05
    0.19879E+02    0.15011E-05
    0.20280E+02    0.14229E-05
    0.20690E+02    0.13487E-05
    0.21108E+02    0.12783E-05
    0.21535E+02    0.12116E-05
    0.21970E+02    0.11484E-05
    0.22413E+02    0.10884E-05
    0.22866E+02    0.10315E-05
    0.23328E+02    0.97760E-06
    0.23799E+02    0.92648E-06
    0.24280E+02    0.87800E-06
    0.24771E+02    0.83204E-06
    0.25271E+02    0.78847E-06
    0.25782E+02    0.74716E-06
    0.26302E+02    0.70800E-06
    0.26834E+02    0.67088E-06
    0.27376E+02    0.63569E-06
    0.27929E+02    0.60233E-06
    0.28493E+02    0.57070E-06
    0.29069E+02    0.54073E-06
    0.29656E+02    0.51232E-06
    0.30255E+02    0.48539E-06
    0.30866E+02    0.45986E-06
    0.31490E+02    0.43567E-06
    0.32126E+02    0.41274E-06
    0.32775E+02    0.39101E-06
    0.33437E+02    0.37041E-06
    0.34112E+02    0.35089E-06
    0.34801E+02    0.33240E-06
    0.35504E+02    0.31487E-06
    0.36222E+02    0.29826E-06
    0.36953E+02    0.28252E-06
    0.37700E+02    0.26760E-06
    0.38462E+02    0.25347E-06
    0.39239E+02    0.24007E-06
    0.40031E+02    0.22738E-06
    0.40840E+02    0.21536E-06
    0.41665E+02    0.20397E-06
    0.42507E+02    0.19317E-06
    0.43365E+02    0.18295E-06
    0.44241E+02    0.17326E-06
    0.45135E+02    0.16408E-06
    0.46047E+02    0.15539E-06
    0.46977E+02    0.14715E-06
    0.47926E+02    0.13934E-06
    0.48894E+02    0.13195E-06
    0.49882E+02    0.12495E-06
    0.50890E+02    0.11831E-06
    0.51918E+02    0.11203E-06
    0.52966E+02    0.10608E-06
    0.54036E+02    0.10044E-06
    0.55128E+02    0.95100E-07
    0.56242E+02    0.90042E-07
    0.57378E+02    0.85251E-07
    0.58537E+02    0.80714E-07
    0.59720E+02    0.76417E-07
    0.60926E+02    0.72346E-07
    0.62157E+02    0.68492E-07
    0.63412E+02    0.64841E-07
    0.64693E+02    0.61384E-07
    0.66000E+02    0.58110E-07
    0.67334E+02    0.55010E-07
    0.68694E+02    0.52074E-07
    0.70082E+02    0.49293E-07
    0.71497E+02    0.46661E-07
    0.72942E+02    0.44168E-07
    0.74415E+02    0.41807E-07
    0.75918E+02    0.39572E-07
    0.77452E+02    0.37455E-07
    0.79017E+02    0.35452E-07
    0.80613E+02    0.33554E-07
    0.82241E+02    0.31758E-07
    0.83903E+02    0.30057E-07
    0.85598E+02    0.28447E-07
    0.87327E+02    0.26922E-07
    0.89091E+02    0.25479E-07
    0.90891E+02    0.24112E-07
    0.92727E+02    0.22819E-07
    0.94600E+02    0.21594E-07
    0.96511E+02    0.20435E-07
    0.98461E+02    0.19337E-07
    0.10045E+03    0.18299E-07
    0.10248E+03    0.17315E-07
    0.10455E+03    0.16384E-07
    0.10666E+03    0.15503E-07
    0.10882E+03    0.14669E-07
    0.11101E+03    0.13880E-07
    0.11326E+03    0.13132E-07
    0.11554E+03    0.12425E-07
    0.11788E+03    0.11756E-07
    0.12026E+03    0.11122E-07
    0.12269E+03    0.10523E-07
    0.12517E+03    0.99550E-08
    0.12770E+03    0.94179E-08
    0.13028E+03    0.89096E-08
    0.13291E+03    0.84285E-08
    0.13559E+03    0.79732E-08
    0.13833E+03    0.75424E-08
    0.14113E+03    0.71347E-08
    0.14398E+03    0.67489E-08
    0.14689E+03    0.63838E-08
    0.14985E+03    0.60383E-08
    0.15288E+03    0.57113E-08
    0.15597E+03    0.54020E-08
    0.15912E+03    0.51093E-08
    0.16233E+03    0.48323E-08
    0.16561E+03    0.45703E-08
    0.16896E+03    0.43223E-08
    0.17237E+03    0.40877E-08
    0.17585E+03    0.38657E-08
    0.17941E+03    0.36557E-08
    0.18303E+03    0.34570E-08
    0.18673E+03    0.32691E-08
    0.19050E+03    0.30912E-08
    0.19435E+03    0.29230E-08
    0.19828E+03    0.27638E-08
    0.20228E+03    0.26132E-08
    0.20637E+03    0.24708E-08
    0.21054E+03    0.23361E-08
    0.21479E+03    0.22086E-08
    0.21913E+03    0.20880E-08
    0.22356E+03    0.19740E-08
    0.22807E+03    0.18661E-08
    0.23268E+03    0.17641E-08
    0.23738E+03    0.16676E-08
    0.24217E+03    0.15763E-08
    0.24707E+03    0.14900E-08
    0.25206E+03    0.14083E-08
    0.25715E+03    0.13311E-08
    0.26234E+03    0.12580E-08
    0.26764E+03    0.11890E-08
    0.27305E+03    0.11237E-08
    0.27857E+03    0.10619E-08
    0.28419E+03    0.10035E-08
    0.28994E+03    0.94822E-09
    0.29579E+03    0.89598E-09
    0.30177E+03    0.84659E-09
    0.30786E+03    0.79989E-09
    0.31408E+03    0.75572E-09
    0.32043E+03    0.71397E-09
    0.32690E+03    0.67449E-09
    0.33351E+03    0.63717E-09
    0.34024E+03    0.60188E-09
    0.34712E+03    0.56852E-09
    0.35413E+03    0.53698E-09
    0.36128E+03    0.50717E-09
    0.36858E+03    0.47899E-09
    0.37603E+03    0.45235E-09
    0.38362E+03    0.42717E-09
    0.39137E+03    0.40337E-09
    0.39928E+03    0.38087E-09
    0.40734E+03    0.35961E-09
    0.41557E+03    0.33951E-09
    0.42397E+03    0.32052E-09
    0.43253E+03    0.30258E-09
    0.44127E+03    0.28562E-09
    0.45019E+03    0.26960E-09
    0.45928E+03    0.25446E-09
    0.46856E+03    0.24015E-09
    0.47802E+03    0.22663E-09
    0.48768E+03    0.21386E-09
    0.49753E+03    0.20180E-09
    0.50758E+03    0.19041E-09
    0.51784E+03    0.17964E-09
    0.52830E+03    0.16948E-09
    0.53897E+03    0.15988E-09
    0.54986E+03    0.15081E-09
    0.56097E+03    0.14225E-09
    0.57230E+03    0.13416E-09
    0.58386E+03    0.12652E-09
    0.59565E+03    0.11932E-09
    0.60769E+03    0.11251E-09
    0.61996E+03    0.10609E-09
    0.63249E+03    0.10002E-09
    0.64526E+03    0.94299E-10
    0.65830E+03    0.88898E-10
    0.67160E+03    0.83800E-10
    0.68516E+03    0.78990E-10
    0.69901E+03    0.74452E-10
    0.71313E+03    0.70171E-10
    0.72753E+03    0.66132E-10
    0.74223E+03    0.62323E-10
    0.75722E+03    0.58730E-10
    0.77252E+03    0.55342E-10
    0.78813E+03    0.52147E-10
    0.80405E+03    0.49135E-10
    0.82029E+03    0.46295E-10
    0.83686E+03    0.43618E-10
    0.85377E+03    0.41095E-10
    0.87101E+03    0.38718E-10
    0.88861E+03    0.36477E-10
    0.90656E+03    0.34366E-10
    0.92488E+03    0.32377E-10
    0.94356E+03    0.30503E-10
    0.96262E+03    0.28738E-10
    0.98207E+03    0.27076E-10
    0.10019E+04    0.25511E-10
    0.10221E+04    0.24037E-10
    0.10428E+04    0.22649E-10
    0.10639E+04    0.21342E-10
    0.10854E+04    0.20112E-10
    0.11073E+04    0.18954E-10
    0.11296E+04    0.17864E-10
    0.11525E+04    0.16838E-10
    0.11757E+04    0.15872E-10
    0.11995E+04    0.14962E-10
    0.12237E+04    0.14107E-10
    0.12485E+04    0.13301E-10
    0.12737E+04    0.12543E-10
    0.12994E+04    0.11829E-10
    0.13257E+04    0.11157E-10
    0.13524E+04    0.10525E-10
    0.13798E+04    0.99288E-11
    0.14076E+04    0.93679E-11
    0.14361E+04    0.88395E-11
    0.14651E+04    0.83418E-11
    0.14947E+04    0.78729E-11
    0.15249E+04    0.74310E-11
    0.15557E+04    0.70145E-11
    0.15871E+04    0.66218E-11
    0.16192E+04    0.62515E-11
    0.16519E+04    0.59023E-11
    0.16852E+04    0.55728E-11
    0.17193E+04    0.52619E-11
    0.17540E+04    0.49685E-11
    0.17894E+04    0.46915E-11
    0.18256E+04    0.44300E-11
    0.18625E+04    0.41830E-11
    0.19001E+04    0.39497E-11
    0.19385E+04    0.37293E-11
    0.19776E+04    0.35211E-11
    0.20176E+04    0.33244E-11
    0.20583E+04    0.31385E-11
    0.20999E+04    0.29630E-11
    0.21424E+04    0.27971E-11
    0.21856E+04    0.26404E-11
    0.22298E+04    0.24925E-11
    0.22748E+04    0.23527E-11
    0.23208E+04    0.22208E-11
    0.23677E+04    0.20963E-11
    0.24155E+04    0.19787E-11
    0.24643E+04    0.18678E-11
    0.25141E+04    0.17632E-11
    0.25649E+04    0.16645E-11
    0.26167E+04    0.15714E-11
    0.26695E+04    0.14835E-11
    0.27235E+04    0.14007E-11
    0.27785E+04    0.13226E-11
    0.28346E+04    0.12489E-11
    0.28919E+04    0.11794E-11
    0.29503E+04    0.11137E-11
    0.30099E+04    0.10518E-11
    0.30707E+04    0.99336E-12
    0.31327E+04    0.93815E-12
    0.31960E+04    0.88601E-12
    0.32606E+04    0.83675E-12
    0.33264E+04    0.79021E-12
    0.33936E+04    0.74623E-12
    0.34622E+04    0.70467E-12
    0.35321E+04    0.66540E-12
    0.36035E+04    0.62831E-12
    0.36763E+04    0.59327E-12
    0.37506E+04    0.56018E-12
    0.38263E+04    0.52894E-12
    0.39036E+04    0.49945E-12
    0.39825E+04    0.47161E-12
    0.40629E+04    0.44534E-12
    0.41450E+04    0.42055E-12
    0.42287E+04    0.39715E-12
    0.43142E+04    0.37506E-12
    0.44013E+04    0.35420E-12
    0.44902E+04    0.33450E-12
    0.45809E+04    0.31590E-12
    0.46735E+04    0.29833E-12
    0.47679E+04    0.28172E-12
    0.48642E+04    0.26604E-12
    0.49625E+04    0.25122E-12
    0.50627E+04    0.23722E-12
    0.51650E+04    0.22401E-12
    0.52693E+04    0.21153E-12
    0.53758E+04    0.19975E-12
    0.54844E+04    0.18863E-12
    0.55952E+04    0.17813E-12
    0.57082E+04    0.16821E-12
    0.58235E+04    0.15885E-12
    0.59412E+04    0.15001E-12
    0.60612E+04    0.14166E-12
    0.61836E+04    0.13377E-12
    0.63085E+04    0.12632E-12
    0.64360E+04    0.11928E-12
    0.65660E+04    0.11263E-12
    0.66986E+04    0.10636E-12
    0.68340E+04    0.10044E-12
    0.69720E+04    0.94842E-13
    0.71129E+04    0.89560E-13
    0.72566E+04    0.84571E-13
    0.74031E+04    0.79860E-13
    0.75527E+04    0.75410E-13
    0.77053E+04    0.71207E-13
    0.78609E+04    0.67239E-13
    0.80197E+04    0.63492E-13
    0.81817E+04    0.59953E-13
    0.83470E+04    0.56612E-13
    0.85156E+04    0.53457E-13
    0.86877E+04    0.50477E-13
    0.88632E+04    0.47663E-13
    0.90422E+04    0.45006E-13
    0.92249E+04    0.42496E-13
    0.94112E+04    0.40127E-13
    0.96013E+04    0.37889E-13
    0.97953E+04    0.35776E-13
    0.99932E+04    0.33781E-13
    0.10195E+05    0.31897E-13
    0.10401E+05    0.30118E-13
    0.10611E+05    0.28438E-13
    0.10825E+05    0.26851E-13
    0.11044E+05    0.25353E-13
    0.11267E+05    0.23939E-13
    0.11495E+05    0.22603E-13
    0.11727E+05    0.21341E-13
    0.11964E+05    0.20150E-13
    0.12206E+05    0.19026E-13
    0.12452E+05    0.17964E-13
    0.12704E+05    0.16961E-13
    0.12960E+05    0.16014E-13
    0.13222E+05    0.15120E-13
    0.13489E+05    0.14276E-13
    0.13762E+05    0.13479E-13
    0.14040E+05    0.12726E-13
    0.14324E+05    0.12015E-13
    0.14613E+05    0.11344E-13
    0.14908E+05    0.10710E-13
    0.15209E+05    0.10112E-13
    0.15516E+05    0.95471E-14
    0.15830E+05    0.90137E-14
    0.16150E+05    0.85101E-14
    0.16476E+05    0.80345E-14
    0.16809E+05    0.75855E-14
    0.17148E+05    0.71616E-14
    0.17495E+05    0.67613E-14
    0.17848E+05    0.63833E-14
    0.18209E+05    0.60265E-14
    0.18577E+05    0.56895E-14
    0.18952E+05    0.53714E-14
    0.19335E+05    0.50711E-14
    0.19725E+05    0.47875E-14
    0.20124E+05    0.45197E-14
